10 10
10  88 1  05 68 1  9 94 1  07 99 1  6 67 1  2 89 1  3 77 1 10 99 1  8 86 1  1 92 1  4
10  72 1  06 50 1  4 69 1  07 75 1  5 94 1  3 66 1  9 92 1  1 82 1  2 94 1  8 63 1 10
10  83 1  10 61 1  9 83 1  01 65 1  2 64 1  7 85 1  6 78 1  8 85 1  5 55 1  3 77 1  4
10  94 1  08 68 1  3 61 1  02 99 1  5 54 1  4 75 1  7 66 1  6 76 1  1 63 1 10 67 1  9
10  69 1  04 88 1  5 82 1  10 95 1  9 99 1  1 67 1  3 95 1  7 68 1  6 67 1  8 86 1  2
10  99 1  02 81 1  5 64 1  06 66 1  7 80 1  9 80 1  3 69 1  8 62 1 10 79 1  4 88 1  1
10  50 1  08 86 1  2 97 1  05 96 1  4 95 1  1 97 1  9 66 1  3 99 1  6 52 1  7 71 1 10
10  98 1  05 73 1  7 82 1  04 51 1  3 71 1  2 94 1  6 85 1  8 62 1  1 95 1  9 79 1 10
10  94 1  01 71 1  7 81 1  04 85 1  8 66 1  2 90 1  3 76 1  5 58 1  6 93 1  9 97 1 10
10  50 1  04 59 1  1 82 1  02 67 1  9 56 1  8 96 1 10 58 1  7 81 1  5 59 1  6 96 1  3
