10 10
10  62 1  8 24 1  9 25 1  6 84 1  4 47 1  5 38 1  7 82 1  3 93 1  1 24 1 10 66 1  2
10  47 1  6 97 1  3 92 1  9 22 1 10 93 1  2 29 1  5 56 1  8 80 1  4 78 1  1 67 1  7
10  45 1  2 46 1  8 22 1  7 26 1  3 38 1 10 69 1  1 40 1  5 33 1  4 75 1  9 96 1  6
10  85 1  5 76 1  9 68 1  6 88 1 10 36 1  4 75 1  7 56 1  3 35 1  2 77 1  1 85 1  8
10  60 1  9 20 1 10 25 1  8 63 1  4 81 1  5 52 1  1 30 1  2 98 1  6 54 1  7 86 1  3
10  87 1  4 73 1 10 51 1  6 95 1  3 65 1  5 86 1  2 22 1  7 58 1  9 80 1  1 65 1  8
10  81 1  6 53 1  3 57 1  8 71 1  7 81 1 10 43 1  1 26 1  5 54 1  9 58 1  4 69 1  2
10  20 1  5 86 1  7 21 1  6 79 1  9 62 1 10 34 1  3 27 1  1 81 1  2 30 1  8 46 1  4
10  68 1 10 66 1  7 98 1  6 86 1  9 66 1  8 56 1  1 82 1  4 95 1  2 47 1  5 78 1  3
10  30 1  1 50 1  4 34 1  8 58 1  3 77 1  2 34 1  6 84 1  9 40 1  5 46 1 10 44 1  7
