15 20
15  24 1  3 12 1  4 17 1 10 27 1  5 21 1  1 25 1  7 27 1  9 26 1  8 30 1  2 31 1  6 18 1 12 16 1 15 39 1 14 19 1 11 26 1 13
15  30 1  7 15 1  4 20 1 13 19 1 12 24 1  2 15 1 14 28 1 11 36 1  3 26 1  6 15 1  8 11 1  1 23 1  9 20 1 15 26 1 10 28 1  5
15  35 1  7 22 1  1 23 1 14 32 1  8 20 1  3 12 1  4 19 1 13 23 1 11 17 1 10 14 1  2 16 1  6 29 1 12 16 1  9 22 1  5 22 1 15
15  20 1 10 29 1  7 19 1  2 14 1  8 33 1 13 30 1  5 32 1  1 21 1  6 29 1 12 24 1 11 25 1 15 29 1  3 13 1  4 20 1  9 18 1 14
15  23 1 12 20 1 14 28 1  2 32 1  7 16 1  8 18 1  6 24 1  9 23 1 10 24 1  4 34 1 11 24 1  3 24 1  1 28 1 15 15 1 13 18 1  5
15  24 1  9 19 1 12 21 1 15 33 1  2 34 1  8 35 1  7 40 1  6 36 1 11 23 1  4 26 1  3 15 1  5 28 1 10 38 1 14 13 1 13 25 1  1
15  27 1 14 30 1  4 21 1  7 19 1  9 12 1 13 27 1  5 39 1  3 13 1 10 12 1 15 36 1  6 21 1 11 17 1 12 29 1  2 17 1  1 33 1  8
15  27 1  6 19 1  5 29 1  7 20 1 10 21 1  4 40 1 11 14 1  9 39 1 15 39 1 14 27 1  3 36 1  2 12 1 13 37 1 12 22 1  8 13 1  1
15  32 1 14 29 1 12 24 1  9 27 1  4 40 1  6 21 1  5 26 1 10 27 1  1 27 1 15 16 1  7 21 1  3 13 1 11 28 1  8 28 1 13 32 1  2
15  35 1 13 11 1  2 39 1  6 18 1 15 23 1  8 34 1  1 24 1  4 11 1 14 30 1  9 31 1 12 15 1  5 15 1 11 28 1  3 26 1 10 33 1  7
15  28 1 11 37 1  6 29 1 13 31 1  2 25 1  8 13 1  9 14 1 15 20 1  5 27 1  4 25 1 10 31 1 14 14 1 12 25 1  7 39 1  3 36 1  1
15  22 1  1 25 1 12 28 1  6 35 1 14 31 1  5 21 1  9 20 1 10 19 1 15 29 1  3 32 1  8 18 1 11 18 1  2 11 1  4 17 1 13 15 1  7
15  39 1 13 32 1  6 36 1  3 14 1  9 28 1  4 37 1 14 38 1  1 20 1  7 19 1  8 12 1 12 22 1 15 36 1  2 15 1  5 32 1 10 16 1 11
15  28 1  9 29 1  2 40 1 15 23 1 13 34 1  5 33 1  6 27 1  7 17 1 11 20 1  1 28 1  8 21 1 12 21 1  3 20 1 14 33 1 10 27 1  4
15  21 1 10 34 1 15 30 1  4 38 1 13 11 1  1 16 1 12 14 1  3 14 1  6 34 1  2 33 1  9 23 1  5 40 1 14 12 1 11 23 1  7 27 1  8
15  13 1 10 40 1 15 36 1  8 17 1  5 13 1  1 33 1  6 25 1  9 24 1 14 23 1 11 36 1  4 29 1  3 18 1  2 13 1 12 33 1  7 13 1 13
15  25 1  4 15 1  6 28 1  3 40 1 13 39 1  8 31 1  2 35 1  9 31 1  7 36 1 12 12 1  5 33 1 11 19 1 15 16 1 10 27 1 14 21 1  1
15  22 1 13 14 1 11 12 1  1 20 1  3 12 1  6 18 1  2 17 1 12 39 1  9 31 1 15 31 1  4 32 1  8 20 1 10 29 1 14 13 1  5 26 1  7
15  18 1  6 30 1 11 38 1  8 22 1 15 15 1 14 20 1 12 16 1 10 17 1  4 12 1  2 13 1  3 40 1 13 17 1  7 30 1  9 38 1  5 13 1  1
15  31 1 10 39 1  9 27 1 13 14 1  2 33 1  6 31 1  4 22 1 12 36 1 14 16 1  1 11 1  8 14 1 15 29 1  5 28 1  7 22 1  3 17 1 11
