15 20
15  19 1  1 33 1 10 32 1  3 18 1 14 39 1 11 34 1  9 25 1  7 36 1  5 40 1 12 33 1 13 31 1  2 30 1 15 34 1  4 26 1  6 13 1  8
15  11 1 10 22 1 11 19 1 15 12 1  6 25 1  5 38 1  7 29 1  1 39 1  8 19 1 14 22 1 12 23 1  2 20 1  4 40 1  3 19 1 13 26 1  9
15  25 1  4 17 1  9 24 1 12 40 1 14 32 1 11 16 1 15 39 1  6 19 1 10 24 1  1 39 1  2 17 1  5 35 1  3 38 1  8 20 1  7 31 1 13
15  22 1 15 36 1  4 34 1  3 17 1 13 30 1  5 12 1 14 13 1  2 25 1  7 12 1 10 18 1  8 31 1 11 39 1  1 40 1  6 26 1  9 37 1 12
15  32 1 13 15 1 15 35 1  2 13 1  8 32 1  9 23 1 12 22 1  7 21 1  5 38 1  1 38 1  3 40 1  4 31 1 11 11 1  6 37 1 14 16 1 10
15  23 1 11 38 1 13 11 1  9 27 1 15 11 1 10 25 1  7 14 1  6 12 1  5 27 1  3 26 1 12 29 1  8 28 1  4 21 1 14 20 1  1 30 1  2
15  39 1  7 38 1  9 15 1  1 27 1 13 22 1 11 27 1 10 32 1  3 40 1  5 12 1  4 20 1 14 21 1 15 22 1 12 17 1  6 38 1  8 27 1  2
15  11 1 12 24 1 14 38 1 11 15 1  9 19 1 10 13 1 15 30 1  6 26 1  1 29 1  3 33 1  7 21 1 13 15 1  2 21 1  4 28 1  5 33 1  8
15  20 1  9 17 1  7 26 1  6 34 1  4 23 1 10 16 1  1 18 1  3 35 1  5 24 1 13 16 1 11 26 1 12 12 1  8 13 1 15 27 1 14 19 1  2
15  18 1  2 37 1  8 27 1 15 40 1 10 40 1  6 17 1  7 22 1  9 17 1  4 30 1 11 38 1  1 21 1  5 32 1 13 24 1 12 24 1 14 30 1  3
15  19 1 12 22 1  1 36 1 14 18 1  7 22 1  6 17 1  4 35 1 15 34 1 11 23 1  8 19 1  9 29 1  3 22 1  2 17 1 13 33 1  5 39 1 10
15  32 1  7 22 1  4 24 1 13 13 1  6 13 1  5 11 1  2 11 1  1 25 1 14 13 1  9 15 1  3 33 1 11 17 1 12 16 1 15 38 1 10 24 1  8
15  16 1 15 16 1 14 37 1  2 25 1  9 26 1  3 11 1  4 34 1 10 14 1  5 20 1  1 36 1  7 12 1 13 29 1  6 25 1 11 32 1  8 12 1 12
15  20 1  9 24 1 11 27 1 12 38 1 10 34 1  6 39 1 13 33 1  8 37 1  5 31 1  3 15 1 14 34 1 15 33 1  4 26 1  7 36 1  2 14 1  1
15  31 1  9 17 1  1 13 1 10 21 1  2 17 1 11 19 1  8 14 1 14 40 1  4 32 1  6 25 1 12 34 1  3 23 1 15 13 1  7 40 1 13 26 1  5
15  38 1  9 17 1 13 14 1  4 17 1 14 12 1  5 35 1  2 35 1  7 19 1  1 36 1 11 19 1  8 29 1 10 31 1  3 26 1  6 35 1 12 37 1 15
15  20 1 15 16 1  4 33 1  1 14 1 11 27 1  6 31 1  8 16 1  9 31 1  7 28 1 13 37 1 10 37 1  5 29 1  3 38 1 12 30 1  2 36 1 14
15  18 1 12 37 1  4 16 1 15 15 1  7 14 1  9 11 1 13 32 1 14 12 1  6 11 1  2 29 1 11 19 1  8 12 1  5 18 1 10 26 1  3 39 1  1
15  11 1 12 11 1  3 22 1 13 35 1 10 20 1 15 31 1  8 19 1  5 39 1  4 28 1  6 33 1  7 34 1 11 38 1  2 20 1  1 17 1 14 28 1  9
15  12 1  3 25 1 13 23 1  6 21 1  9 27 1  7 30 1 10 23 1 15 39 1 12 26 1  4 34 1 14 17 1  8 24 1  2 12 1  5 19 1  1 36 1 11
