15 20
15  14 1  7 21 1  6 13 1  9 11 1  5 11 1  2 35 1 15 20 1 14 17 1 12 18 1 11 11 1 13 23 1  3 13 1  4 15 1  1 11 1  8 35 1 10
15  35 1  2 31 1  6 13 1  1 26 1  4 14 1  7 17 1 10 38 1  8 20 1 13 19 1 11 12 1 14 16 1  9 34 1  5 15 1 12 12 1 15 14 1  3
15  30 1  1 35 1  5 40 1  3 35 1 11 30 1  7 23 1 15 29 1  9 37 1 14 38 1  8 40 1  4 26 1 10 11 1 13 40 1  2 36 1 12 17 1  6
15  40 1  8 18 1  6 12 1  5 23 1  9 23 1  1 14 1 10 16 1 14 14 1 13 23 1 11 12 1  4 16 1  7 32 1 15 40 1  2 25 1 12 29 1  3
15  35 1  3 15 1  4 31 1 13 28 1 12 32 1  7 30 1  5 27 1 11 29 1  8 38 1  1 11 1 14 23 1  2 17 1 15 27 1  6 37 1 10 29 1  9
15  33 1  6 33 1  4 19 1  7 40 1 13 19 1 11 33 1  1 26 1 14 31 1  3 28 1 12 36 1  8 38 1  5 21 1  2 25 1 15 40 1 10 35 1  9
15  25 1 14 32 1  1 33 1 12 18 1 13 32 1  5 28 1  7 15 1  6 35 1  4 14 1 10 34 1  3 23 1  8 32 1 11 17 1  2 26 1 15 19 1  9
15  16 1  3 33 1 13 34 1 10 30 1 12 40 1 14 12 1  9 26 1 15 26 1  6 15 1  7 21 1  4 40 1  2 32 1  5 14 1  1 30 1  8 35 1 11
15  17 1  3 16 1 11 20 1 15 24 1  7 26 1  9 36 1  4 22 1 13 14 1  1 11 1 14 20 1 10 23 1  8 29 1  2 23 1 12 15 1  5 40 1  6
15  27 1  5 37 1 10 40 1  4 14 1 12 25 1 14 30 1  8 34 1  1 11 1  3 15 1  6 32 1 13 36 1  2 12 1 11 28 1 15 31 1  9 23 1  7
15  25 1 14 22 1  1 27 1  4 14 1  9 25 1  6 20 1  7 18 1 15 14 1  8 19 1  2 17 1  3 27 1  5 22 1 10 22 1 13 27 1 12 21 1 11
15  34 1 15 15 1 11 22 1  1 29 1  4 34 1 14 40 1  7 17 1  8 32 1  3 20 1 13 39 1  6 31 1  5 16 1 12 37 1  2 33 1  9 13 1 10
15  12 1  7 27 1 13 17 1  5 24 1  3 11 1  9 19 1  6 11 1 15 17 1  4 25 1 10 11 1  2 31 1 12 33 1 14 31 1  8 12 1 11 22 1  1
15  22 1  6 15 1 15 16 1  1 32 1  9 20 1  8 22 1  5 11 1 10 19 1 14 30 1  2 33 1 13 29 1  7 18 1 12 34 1  4 32 1 11 18 1  3
15  27 1  6 26 1  4 28 1 11 37 1  7 18 1  5 12 1 13 11 1 12 26 1 14 27 1  8 40 1 10 19 1 15 24 1  2 18 1  3 12 1  1 34 1  9
15  15 1  9 28 1  6 25 1 10 32 1  7 13 1  2 38 1  8 11 1 12 34 1  3 25 1  5 20 1  1 32 1 11 23 1  4 14 1 13 16 1 15 20 1 14
15  15 1  2 13 1  5 37 1  9 14 1  4 22 1 11 24 1  6 26 1 13 22 1  8 34 1 10 22 1 15 19 1 12 32 1 14 29 1  1 13 1  3 35 1  7
15  36 1  8 33 1  6 28 1 14 20 1 10 30 1 11 33 1  5 29 1 15 34 1  1 22 1  4 12 1 12 30 1  7 12 1  9 35 1  2 13 1  3 35 1 13
15  26 1 15 31 1 12 35 1  6 38 1  3 19 1 14 35 1 11 27 1  5 29 1  9 39 1  4 13 1 10 14 1  7 26 1  8 17 1  1 22 1  2 15 1 13
15  36 1  2 34 1  8 33 1 12 17 1  9 38 1 15 39 1  7 16 1  6 27 1  4 29 1 14 16 1  3 16 1  1 19 1  5 40 1 10 35 1 13 39 1 11
