 5 11
 5  375 1  1 012 1  2 142 1  3 245 1  4 412 1  5
 5  632 1  1 452 1  2 758 1  3 278 1  4 398 1  5
 5  012 1  1 876 1  2 124 1  3 534 1  4 765 1  5
 5  460 1  1 542 1  2 523 1  3 120 1  4 499 1  5
 5  528 1  1 101 1  2 789 1  3 124 1  4 999 1  5
 5  796 1  1 245 1  2 632 1  3 375 1  4 123 1  5
 5  532 1  1 230 1  2 543 1  3 896 1  4 452 1  5
 5  014 1  1 124 1  2 214 1  3 543 1  4 785 1  5
 5  257 1  1 527 1  2 753 1  3 210 1  4 463 1  5
 5  896 1  1 896 1  2 214 1  3 258 1  4 259 1  5
 5  532 1  1 302 1  2 501 1  3 765 1  4 988 1  5
