 4 13
 4  654 1  1 147 1  2 345 1  3 447 1  4
 4  321 1  1 520 1  2 789 1  3 702 1  4
 4  12 1  1 147 1  2 630 1  3 255 1  4
 4  345 1  1 586 1  2 214 1  3 866 1  4
 4  678 1  1 532 1  2 275 1  3 332 1  4
 4  963 1  1 145 1  2 302 1  3 225 1  4
 4  25 1  1 24 1  2 142 1  3 589 1  4
 4  874 1  1 517 1  2 24 1  3 996 1  4
 4  114 1  1 896 1  2 520 1  3 541 1  4
 4  785 1  1 543 1  2 336 1  3 234 1  4
 4  203 1  1 210 1  2 699 1  3 784 1  4
 4  696 1  1 784 1  2 855 1  3 512 1  4
 4  302 1  1 512 1  2 221 1  3 345 1  4
