 5 12
 5  456 1  1 537 1  2 123 1  3 214 1  4 234 1  5
 5  789 1  1 854 1  2 225 1  3 528 1  4 123 1  5
 5  876 1  1 632 1  2 588 1  3 896 1  4 456 1  5
 5  543 1  1 145 1  2 669 1  3 325 1  4 789 1  5
 5  210 1  1 785 1  2 966 1  3 147 1  4 876 1  5
 5  123 1  1 214 1  2 332 1  3 856 1  4 543 1  5
 5  456 1  1 752 1  2 144 1  3 321 1  4 210 1  5
 5  789 1  1 143 1  2 755 1  3 427 1  4 123 1  5
 5  876 1  1 698 1  2 322 1  3 546 1  4 456 1  5
 5  543 1  1 532 1  2 100 1  3 321 1  4 789 1  5
 5  210 1  1 145 1  2 114 1  3 401 1  4 876 1  5
 5  124 1  1 247 1  2 753 1  3 214 1  4 543 1  5
