 4 14
 4  456 1  1 856 1  2 963 1  3 696 1  4
 4  789 1  1 930 1  2 21 1  3 320 1  4
 4  630 1  1 214 1  2 475 1  3 142 1  4
 4  214 1  1 257 1  2 320 1  3 753 1  4
 4  573 1  1 896 1  2 124 1  3 214 1  4
 4  218 1  1 532 1  2 752 1  3 528 1  4
 4  653 1  1 142 1  2 147 1  3 653 1  4
 4  214 1  1 547 1  2 532 1  3 214 1  4
 4  204 1  1 865 1  2 145 1  3 527 1  4
 4  785 1  1 321 1  2 763 1  3 536 1  4
 4  696 1  1 124 1  2 214 1  3 214 1  4
 4  532 1  1 12 1  2 257 1  3 528 1  4
 4  12 1  1 345 1  2 854 1  3 888 1  4
 4  457 1  1 678 1  2 123 1  3 999 1  4
