 6 10
 6  333 1  1 991 1  2 996 1  3 123 1  4 145 1  5 234 1  6
 6  333 1  1 111 1  2 663 1  3 456 1  4 785 1  5 532 1  6
 6  252 1  1 222 1  2 222 1  3 789 1  4 214 1  5 586 1  6
 6  222 1  1 204 1  2 114 1  3 876 1  4 752 1  5 532 1  6
 6  255 1  1 477 1  2 123 1  3 543 1  4 143 1  5 142 1  6
 6  555 1  1 566 1  2 456 1  3 210 1  4 698 1  5 573 1  6
 6  558 1  1 899 1  2 789 1  3 124 1  4 532 1  5 12 1  6
 6  888 1  1 965 1  2 876 1  3 537 1  4 145 1  5 14 1  6
 6  889 1  1 588 1  2 543 1  3 854 1  4 247 1  5 527 1  6
 6  999 1  1 889 1  2 210 1  3 632 1  4 451 1  5 856 1  6
