 5 15
 5  21 1  2 34 1  3 95 1  5 53 1  1 55 1  4
 5  52 1  4 16 1  5 71 1  2 26 1  3 21 1  1
 5  31 1  3 12 1  1 42 1  2 39 1  4 98 1  5
 5  77 1  4 77 1  2 79 1  5 55 1  1 66 1  3
 5  37 1  5 34 1  4 64 1  3 19 1  2 83 1  1
 5  43 1  3 54 1  2 92 1  1 62 1  4 79 1  5
 5  93 1  1 69 1  4 87 1  2 77 1  5 87 1  3
 5  60 1  1 41 1  2 38 1  3 83 1  5 24 1  4
 5  98 1  3 17 1  4 25 1  5 44 1  1 49 1  2
 5  96 1  1 77 1  5 79 1  4 75 1  2 43 1  3
 5  28 1  5 35 1  3 95 1  1 76 1  4  7 1  2
 5  61 1  1 10 1  5 95 1  3  9 1  2 35 1  4
 5  59 1  5 16 1  4 91 1  2 59 1  3 46 1  1
 5  43 1  5 52 1  2 28 1  1 27 1  3 50 1  4
 5  87 1  1 45 1  2 39 1  3  9 1  5 41 1  4
