 5 15
 5  47 1  1 57 1  5 71 1  2 96 1  4 14 1  3
 5  75 1  1 60 1  2 22 1  5 79 1  4 65 1  3
 5  32 1  4 33 1  1 69 1  3 31 1  2 58 1  5
 5  44 1  1 34 1  2 51 1  5 58 1  4 47 1  3
 5  29 1  4 44 1  2 62 1  1 17 1  3  8 1  5
 5  15 1  2 40 1  3 97 1  1 38 1  5 66 1  4
 5  58 1  3 39 1  2 57 1  1 20 1  5 50 1  4
 5  57 1  3 32 1  4 87 1  5 63 1  1 21 1  2
 5  56 1  5 84 1  1 90 1  3 85 1  2 61 1  4
 5  15 1  5 20 1  1 67 1  2 30 1  4 70 1  3
 5  84 1  5 82 1  1 23 1  2 45 1  3 38 1  4
 5  50 1  4 21 1  3 18 1  1 41 1  5 29 1  2
 5  16 1  5 52 1  2 52 1  1 38 1  3 54 1  4
 5  37 1  5 54 1  1 57 1  4 74 1  3 62 1  2
 5  57 1  5 61 1  2 81 1  1 30 1  3 68 1  4
