 5 15
 5  92 1  4 94 1  3 12 1  1 91 1  5  7 1  2
 5  21 1  3 19 1  2 87 1  1 11 1  4 66 1  5
 5  14 1  2 13 1  4 75 1  1 16 1  5 20 1  3
 5  95 1  3 66 1  5  7 1  1 77 1  2  7 1  4
 5  34 1  3 89 1  5  6 1  4 45 1  2 15 1  1
 5  88 1  5 77 1  4 20 1  3 53 1  2 76 1  1
 5   9 1  5 27 1  4 52 1  1 88 1  2 74 1  3
 5  69 1  4 52 1  3 62 1  1 88 1  2 98 1  5
 5  90 1  4 62 1  1  9 1  5 61 1  3 52 1  2
 5   5 1  5 54 1  3 59 1  4 88 1  1 15 1  2
 5  41 1  1 50 1  2 78 1  5 53 1  4 23 1  3
 5  38 1  1 72 1  5 91 1  3 68 1  4 71 1  2
 5  45 1  1 95 1  4 52 1  5 25 1  3  6 1  2
 5  30 1  4 66 1  2 23 1  1 36 1  5 17 1  3
 5  95 1  3 71 1  1 76 1  4  8 1  2 88 1  5
