 5 15
 5  66 1  2 85 1  4 84 1  3 62 1  1 19 1  5
 5  59 1  4 64 1  2 46 1  3 13 1  5 25 1  1
 5  88 1  5 80 1  4 73 1  2 53 1  3 41 1  1
 5  14 1  1 67 1  2 57 1  3 74 1  4 47 1  5
 5  84 1  1 64 1  5 41 1  3 84 1  4 78 1  2
 5  63 1  1 28 1  4 46 1  2 26 1  3 52 1  5
 5  10 1  4 17 1  3 73 1  5 11 1  2 64 1  1
 5  67 1  3 97 1  2 95 1  4 38 1  5 85 1  1
 5  95 1  3 46 1  5 59 1  1 65 1  2 93 1  4
 5  43 1  3 85 1  5 32 1  4 85 1  2 60 1  1
 5  49 1  5 41 1  4 61 1  3 66 1  1 90 1  2
 5  17 1  2 23 1  1 70 1  4 99 1  5 49 1  3
 5  40 1  5 73 1  4 73 1  1 98 1  2 68 1  3
 5  57 1  4  9 1  2  7 1  3 13 1  1 98 1  5
 5  37 1  1 85 1  2 17 1  3 79 1  5 41 1  4
