 5 15
 5  58 1  2 44 1  3  5 1  4  9 1  1 58 1  5
 5  89 1  2 97 1  1 96 1  5 77 1  4 84 1  3
 5  77 1  1 87 1  2 81 1  3 39 1  5 85 1  4
 5  57 1  4 21 1  2 31 1  3 15 1  1 73 1  5
 5  48 1  3 40 1  1 49 1  2 70 1  4 71 1  5
 5  34 1  4 82 1  5 80 1  3 10 1  1 22 1  2
 5  91 1  2 75 1  5 55 1  1 17 1  3  7 1  4
 5  62 1  3 47 1  4 72 1  2 35 1  5 11 1  1
 5  64 1  1 75 1  4 50 1  5 90 1  2 94 1  3
 5  67 1  3 20 1  5 15 1  4 12 1  1 71 1  2
 5  52 1  1 93 1  5 68 1  4 29 1  3 57 1  2
 5  70 1  3 58 1  1 93 1  2  7 1  5 77 1  4
 5  27 1  4 82 1  3 63 1  2  6 1  5 95 1  1
 5  87 1  2 56 1  3 36 1  5 26 1  1 48 1  4
 5  76 1  4 36 1  3 36 1  1 15 1  5  8 1  2
