 5 20
 5  34 1  3 21 1  2 53 1  1 55 1  4 95 1  5
 5  21 1  1 52 1  4 71 1  2 16 1  5 26 1  3
 5  12 1  1 42 1  2 31 1  3 98 1  5 39 1  4
 5  66 1  3 77 1  4 79 1  5 55 1  1 77 1  2
 5  83 1  1 37 1  5 34 1  4 19 1  2 64 1  3
 5  79 1  5 43 1  3 92 1  1 62 1  4 54 1  2
 5  93 1  1 77 1  5 87 1  3 87 1  2 69 1  4
 5  83 1  5 24 1  4 41 1  2 38 1  3 60 1  1
 5  25 1  5 49 1  2 44 1  1 98 1  3 17 1  4
 5  96 1  1 75 1  2 43 1  3 77 1  5 79 1  4
 5  95 1  1 76 1  4  7 1  2 28 1  5 35 1  3
 5  10 1  5 95 1  3 61 1  1  9 1  2 35 1  4
 5  91 1  2 59 1  3 59 1  5 46 1  1 16 1  4
 5  27 1  3 52 1  2 43 1  5 28 1  1 50 1  4
 5   9 1  5 87 1  1 41 1  4 39 1  3 45 1  2
 5  54 1  2 20 1  1 43 1  5 14 1  4 71 1  3
 5  33 1  5 28 1  2 26 1  4 78 1  1 37 1  3
 5  89 1  2 33 1  1  8 1  3 66 1  4 42 1  5
 5  84 1  5 69 1  1 94 1  3 74 1  2 27 1  4
 5  81 1  5 45 1  3 78 1  2 69 1  4 96 1  1
