 5 20
 5  23 1  2 82 1  1 84 1  5 45 1  3 38 1  4
 5  50 1  4 41 1  5 29 1  2 18 1  1 21 1  3
 5  16 1  5 54 1  4 52 1  2 38 1  3 52 1  1
 5  62 1  2 57 1  4 37 1  5 74 1  3 54 1  1
 5  68 1  4 61 1  2 30 1  3 81 1  1 57 1  5
 5  89 1  2 89 1  3 11 1  4 79 1  1 81 1  5
 5  66 1  2 91 1  1 33 1  4 20 1  5 20 1  3
 5   8 1  4 24 1  5 55 1  3 32 1  1 84 1  2
 5   7 1  1 64 1  3 39 1  2 56 1  5 54 1  4
 5  19 1  1 40 1  5  7 1  4  8 1  3 83 1  2
 5  63 1  1 64 1  3 91 1  4 40 1  5  6 1  2
 5  42 1  2 61 1  4 15 1  5 98 1  3 74 1  1
 5  80 1  2 26 1  1 75 1  4  6 1  5 87 1  3
 5  39 1  3 22 1  5 75 1  1 24 1  4 44 1  2
 5  15 1  2 79 1  4  8 1  5 12 1  1 20 1  3
 5  26 1  4 43 1  3 80 1  1 22 1  5 61 1  2
 5  62 1  3 36 1  2 63 1  1 96 1  4 40 1  5
 5  33 1  2 18 1  4 22 1  1  5 1  5 10 1  3
 5  64 1  3 64 1  5 89 1  1 96 1  2 95 1  4
 5  18 1  3 23 1  5 15 1  4 38 1  2  8 1  1
