 5 20
 5  60 1  4 87 1  1 72 1  2 95 1  5 66 1  3
 5  54 1  2 48 1  1 39 1  3 35 1  4  5 1  5
 5  20 1  4 46 1  2 97 1  1 21 1  3 55 1  5
 5  37 1  3 59 1  1 19 1  4 34 1  2 46 1  5
 5  73 1  3 25 1  4 24 1  2 28 1  1 23 1  5
 5  78 1  2 28 1  4 83 1  3 45 1  1  5 1  5
 5  71 1  4 37 1  2 12 1  3 29 1  5 53 1  1
 5  12 1  5 33 1  4 55 1  2 87 1  3 38 1  1
 5  48 1  1 40 1  2 49 1  3 83 1  4  7 1  5
 5  90 1  1 27 1  5 65 1  3 17 1  4 23 1  2
 5  62 1  1 85 1  4 66 1  2 84 1  3 19 1  5
 5  59 1  4 46 1  3 13 1  5 64 1  2 25 1  1
 5  53 1  3 73 1  2 80 1  4 88 1  5 41 1  1
 5  57 1  3 47 1  5 14 1  1 67 1  2 74 1  4
 5  41 1  3 64 1  5 84 1  4 78 1  2 84 1  1
 5  52 1  5 28 1  4 26 1  3 63 1  1 46 1  2
 5  11 1  2 64 1  1 10 1  4 73 1  5 17 1  3
 5  38 1  5 95 1  4 85 1  1 97 1  2 67 1  3
 5  93 1  4 65 1  2 95 1  3 59 1  1 46 1  5
 5  60 1  1 85 1  2 43 1  3 85 1  5 32 1  4
