 5 20
 5   5 1  4 58 1  5 44 1  3  9 1  1 58 1  2
 5  89 1  2 96 1  5 97 1  1 84 1  3 77 1  4
 5  81 1  3 85 1  4 87 1  2 39 1  5 77 1  1
 5  15 1  1 57 1  4 73 1  5 21 1  2 31 1  3
 5  48 1  3 71 1  5 70 1  4 40 1  1 49 1  2
 5  10 1  1 82 1  5 34 1  4 80 1  3 22 1  2
 5  17 1  3 55 1  1 91 1  2 75 1  5  7 1  4
 5  47 1  4 62 1  3 72 1  2 35 1  5 11 1  1
 5  90 1  2 94 1  3 50 1  5 64 1  1 75 1  4
 5  15 1  4 67 1  3 12 1  1 20 1  5 71 1  2
 5  93 1  5 29 1  3 52 1  1 57 1  2 68 1  4
 5  77 1  4 93 1  2 58 1  1 70 1  3  7 1  5
 5  63 1  2 27 1  4 95 1  1  6 1  5 82 1  3
 5  36 1  5 26 1  1 48 1  4 56 1  3 87 1  2
 5  36 1  3  8 1  2 15 1  5 76 1  4 36 1  1
 5  78 1  5 84 1  2 41 1  4 30 1  1 76 1  3
 5  78 1  2 75 1  1 88 1  5 13 1  4 81 1  3
 5  54 1  1 40 1  5 13 1  3 82 1  2 29 1  4
 5  26 1  2 82 1  5 52 1  1  6 1  4  6 1  3
 5  54 1  4 64 1  2 54 1  1 32 1  3 88 1  5
