 5 20
 5   6 1  1 40 1  3 81 1  2 37 1  4 19 1  5
 5  40 1  3 32 1  4 55 1  1 81 1  5  9 1  2
 5  46 1  2 65 1  5 70 1  3 55 1  4 77 1  1
 5  21 1  3 65 1  5 64 1  1 25 1  4 15 1  2
 5  85 1  3 40 1  1 44 1  2 24 1  4 37 1  5
 5  89 1  1 29 1  5 83 1  2 31 1  4 84 1  3
 5  59 1  5 38 1  4 80 1  2 30 1  3  8 1  1
 5  80 1  1 56 1  3 77 1  2 41 1  5 97 1  4
 5  56 1  5 91 1  1 50 1  4 71 1  3 17 1  2
 5  40 1  2 88 1  1 59 1  5  7 1  3 80 1  4
 5  45 1  1 29 1  2  8 1  3 77 1  5 58 1  4
 5  36 1  3 54 1  1 96 1  4  9 1  2 10 1  5
 5  28 1  1 73 1  3 98 1  2 92 1  4 87 1  5
 5  70 1  1 86 1  4 27 1  3 99 1  2 96 1  5
 5  95 1  2 59 1  1 56 1  5 85 1  4 41 1  3
 5  81 1  2 92 1  3 32 1  5 52 1  1 39 1  4
 5   7 1  2 22 1  5 12 1  3 88 1  1 60 1  4
 5  45 1  4 93 1  1 69 1  3 49 1  5 27 1  2
 5  21 1  1 84 1  2 61 1  3 68 1  4 26 1  5
 5  82 1  2 33 1  3 71 1  5 99 1  1 44 1  4
