10 10
10  21 1  2 71 1  7 16 1 10 52 1  9 26 1  8 34 1  3 53 1  1 21 1  5 55 1  4 95 1  6
10  55 1  5 31 1  3 98 1  6 79 1 10 12 1  1 66 1  8 42 1  2 77 1  9 77 1  7 39 1  4
10  34 1  4 64 1  3 62 1  9 19 1  2 92 1  5 79 1 10 43 1  8 54 1  7 83 1  1 37 1  6
10  87 1  2 69 1  4 87 1  3 38 1  8 24 1  9 83 1 10 41 1  7 93 1  1 77 1  6 60 1  5
10  98 1  3 44 1  1 25 1  6 75 1  7 43 1  8 49 1  2 96 1  5 77 1 10 17 1  4 79 1  9
10  35 1  3 76 1  4 28 1  6 10 1 10 61 1  5  9 1  7 95 1  1 35 1  9  7 1  2 95 1  8
10  16 1  4 59 1  3 46 1  1 91 1  2 43 1 10 50 1  9 52 1  7 59 1  6 28 1  5 27 1  8
10  45 1  2 87 1  1 41 1  4 20 1  5 54 1  7 43 1 10 14 1  9  9 1  6 39 1  3 71 1  8
10  33 1  5 37 1  3 66 1  9 33 1  6 26 1  4  8 1  8 28 1  2 89 1  7 42 1 10 78 1  1
10  69 1  9 81 1 10 94 1  3 96 1  5 27 1  4 69 1  1 45 1  8 78 1  7 74 1  2 84 1  6
