10 10
10  18 1  5 21 1  8 41 1 10 45 1  3 38 1  4 50 1  9 84 1  6 29 1  7 23 1  2 82 1  1
10  57 1  9 16 1  6 52 1  2 74 1  8 38 1  3 54 1  4 62 1  7 37 1 10 54 1  5 52 1  1
10  30 1  3 79 1  5 68 1  4 61 1  2 11 1  9 89 1  7 89 1  8 81 1  1 81 1 10 57 1  6
10  91 1  1  8 1  9 33 1  4 55 1  8 20 1  6 20 1  3 32 1  5 84 1  7 66 1  2 24 1 10
10  40 1 10  7 1  1 19 1  5  7 1  9 83 1  7 64 1  3 56 1  6 54 1  4  8 1  8 39 1  2
10  91 1  4 64 1  3 40 1  6 63 1  1 98 1  8 74 1  5 61 1  9  6 1  2 42 1  7 15 1 10
10  80 1  2 39 1  8 24 1  9 75 1  4 75 1  5  6 1  6 44 1  7 26 1  1 87 1  3 22 1 10
10  15 1  2 43 1  8 20 1  3 12 1  1 26 1  9 61 1  7 79 1  4 22 1 10  8 1  6 80 1  5
10  62 1  3 96 1  4 22 1  5  5 1 10 63 1  1 33 1  7 10 1  8 18 1  9 36 1  2 40 1  6
10  96 1  2 89 1  1 64 1  6 95 1  4 23 1 10 18 1  8 15 1  9 64 1  3 38 1  7  8 1  5
