10 10
10  54 1  7 87 1  1 48 1  5 60 1  4 39 1  8 35 1  9 72 1  2 95 1  6 66 1  3  5 1 10
10  20 1  4 46 1 10 34 1  7 55 1  6 97 1  1 19 1  9 59 1  5 21 1  3 37 1  8 46 1  2
10  45 1  5 24 1  2 28 1  9 28 1  1 83 1  8 78 1  7 23 1  6 25 1  4  5 1 10 73 1  3
10  12 1 10 37 1  2 38 1  5 71 1  4 33 1  9 12 1  3 55 1  7 53 1  1 87 1  8 29 1  6
10  83 1  4 49 1  3 23 1  7 27 1 10 65 1  8 48 1  1 90 1  5  7 1  6 40 1  2 17 1  9
10  66 1  2 25 1  5 62 1  1 84 1  3 13 1 10 64 1  7 46 1  8 59 1  9 19 1  6 85 1  4
10  73 1  2 80 1  4 41 1  1 53 1  3 47 1 10 57 1  8 74 1  9 14 1  5 67 1  7 88 1  6
10  64 1  6 84 1  4 46 1  7 78 1  2 84 1  1 26 1  8 28 1  9 52 1 10 41 1  3 63 1  5
10  11 1  2 64 1  1 67 1  8 85 1  5 10 1  4 73 1  6 38 1 10 95 1  9 97 1  7 17 1  3
10  60 1  5 32 1  9 95 1  3 93 1  4 65 1  2 85 1  7 43 1  8 85 1 10 46 1  6 59 1  1
