10 10
10  44 1  3  5 1  4 58 1  6 97 1  5  9 1  1 84 1  8 77 1  9 96 1 10 58 1  2 89 1  7
10  15 1  5 31 1  8 87 1  2 57 1  9 77 1  1 85 1  4 81 1  3 39 1  6 73 1 10 21 1  7
10  82 1 10 22 1  7 10 1  5 70 1  4 49 1  2 40 1  1 34 1  9 48 1  3 80 1  8 71 1  6
10  91 1  2 17 1  3 62 1  8 75 1  6 47 1  9 11 1  5  7 1  4 72 1  7 35 1 10 55 1  1
10  71 1  7 90 1  2 75 1  4 64 1  1 94 1  3 15 1  9 12 1  5 67 1  8 20 1 10 50 1  6
10  70 1  8 93 1  6 77 1  9 29 1  3 58 1  5 93 1  7 68 1  4 57 1  2  7 1 10 52 1  1
10  87 1  7 63 1  2 26 1  5  6 1  6 82 1  3 27 1  4 56 1  8 48 1  9 36 1 10 95 1  1
10  36 1  1 15 1  6 41 1  9 78 1 10 76 1  4 84 1  7 30 1  5 76 1  8 36 1  3  8 1  2
10  88 1  6 81 1  3 13 1  4 82 1  7 54 1  5 13 1  8 29 1  9 40 1 10 78 1  2 75 1  1
10  88 1 10 54 1  5 64 1  7 32 1  8 52 1  1  6 1  3 54 1  9 82 1  6  6 1  4 26 1  2
