10 10
10   9 1  7 81 1  2 55 1  5 40 1  3 32 1  9 37 1  4  6 1  1 19 1  6 81 1 10 40 1  8
10  21 1  8 70 1  3 65 1 10 64 1  5 46 1  2 65 1  6 25 1  9 77 1  1 55 1  4 15 1  7
10  85 1  3 37 1  6 40 1  1 24 1  4 44 1  2 83 1  7 89 1  5 31 1  9 84 1  8 29 1 10
10  80 1  5 77 1  7 56 1  8  8 1  1 30 1  3 59 1  6 38 1  4 80 1  2 41 1 10 97 1  9
10  91 1  1 40 1  7 88 1  5 17 1  2 71 1  3 50 1  4 59 1 10 80 1  9 56 1  6  7 1  8
10   8 1  3  9 1  7 58 1  4 77 1  6 29 1  2 96 1  9 45 1  1 10 1 10 54 1  5 36 1  8
10  70 1  5 92 1  4 98 1  2 87 1  6 99 1  7 27 1  8 86 1  9 96 1 10 28 1  1 73 1  3
10  95 1  2 92 1  8 85 1  4 52 1  5 81 1  7 32 1 10 39 1  9 59 1  1 41 1  3 56 1  6
10  60 1  4 45 1  9 88 1  1 12 1  3  7 1  2 22 1  6 93 1  5 49 1 10 69 1  8 27 1  7
10  21 1  1 61 1  3 68 1  4 26 1  6 82 1  7 71 1 10 44 1  9 99 1  5 33 1  8 84 1  2
