10 15
10  34 1  3 55 1  4 95 1  6 16 1 10 21 1  5 71 1  7 53 1  1 52 1  9 21 1  2 26 1  8
10  39 1  4 31 1  3 12 1  1 42 1  2 79 1 10 77 1  9 77 1  7 98 1  6 55 1  5 66 1  8
10  19 1  2 83 1  1 34 1  4 92 1  5 54 1  7 79 1 10 62 1  9 37 1  6 64 1  3 43 1  8
10  60 1  5 87 1  3 24 1  9 77 1  6 69 1  4 38 1  8 87 1  2 41 1  7 83 1 10 93 1  1
10  79 1  9 77 1 10 98 1  3 96 1  5 17 1  4 44 1  1 43 1  8 75 1  7 49 1  2 25 1  6
10  35 1  9 95 1  8  9 1  7 10 1 10 35 1  3  7 1  2 28 1  6 61 1  5 95 1  1 76 1  4
10  28 1  5 59 1  6 16 1  4 43 1 10 46 1  1 50 1  9 52 1  7 27 1  8 59 1  3 91 1  2
10   9 1  6 20 1  5 39 1  3 54 1  7 45 1  2 71 1  8 87 1  1 41 1  4 43 1 10 14 1  9
10  28 1  2 33 1  6 78 1  1 26 1  4 37 1  3  8 1  8 66 1  9 89 1  7 42 1 10 33 1  5
10  94 1  3 84 1  6 78 1  7 81 1 10 74 1  2 27 1  4 69 1  9 69 1  1 45 1  8 96 1  5
10  31 1  2 24 1  5 20 1  1 17 1  3 25 1 10 81 1  9 76 1  6 87 1  4 32 1  8 18 1  7
10  28 1  6 97 1 10 58 1  1 45 1  5 76 1  7 99 1  4 23 1  3 72 1  2 90 1  9 86 1  8
10  27 1  6 48 1 10 27 1  9 62 1  8 98 1  5 67 1  7 48 1  4 42 1  1 46 1  2 17 1  3
10  12 1  2 50 1  9 80 1  1 50 1  3 80 1 10 19 1  4 28 1  6 63 1  7 94 1  5 98 1  8
10  61 1  5 55 1  4 37 1  7 14 1  6 50 1  3 79 1  9 41 1  2 72 1 10 18 1  8 75 1  1
