10 15
10  66 1 10 91 1  6 87 1  5 94 1  3 21 1  8 92 1  4  7 1  2 12 1  1 11 1  9 19 1  7
10  13 1  4 20 1  3  7 1  5 14 1  2 66 1 10 75 1  1 77 1  7 16 1  6 95 1  8  7 1  9
10  77 1  9 20 1  8 34 1  3 15 1  1 88 1 10 89 1  6 53 1  7  6 1  4 45 1  2 76 1  5
10  27 1  4 74 1  3 88 1  7 62 1  5 52 1  8 69 1  9  9 1  6 98 1 10 52 1  1 88 1  2
10  88 1  5 15 1  7 52 1  2 61 1  3 54 1  8 62 1  1 59 1  9  9 1  6 90 1  4  5 1 10
10  71 1  7 41 1  1 38 1  5 53 1  4 91 1  8 68 1  9 50 1  2 78 1  6 23 1  3 72 1 10
10  95 1  4 36 1 10 66 1  7 52 1  6 45 1  1 30 1  9 23 1  5 25 1  3 17 1  8  6 1  2
10  65 1  5  8 1  2 85 1  9 71 1  1 65 1  8 28 1  7 88 1  6 76 1  4 27 1 10 95 1  3
10  37 1 10 37 1  2 28 1  5 51 1  4 86 1  9  9 1  3 55 1  7 73 1  1 51 1  8 90 1  6
10  39 1  4 15 1  3 83 1  7 44 1 10 53 1  8 16 1  1 46 1  5 24 1  6 25 1  2 82 1  9
10  72 1  2 48 1  5 87 1  1 66 1  3  5 1 10 54 1  7 39 1  8 35 1  9 95 1  6 60 1  4
10  46 1  2 20 1  4 97 1  1 21 1  3 46 1 10 37 1  8 19 1  9 59 1  5 34 1  7 55 1  6
10  23 1  6 25 1  4 78 1  7 24 1  2 28 1  1 83 1  8 28 1  9  5 1 10 73 1  3 45 1  5
10  37 1  2 53 1  1 87 1  8 38 1  5 71 1  4 29 1  6 12 1 10 33 1  9 55 1  7 12 1  3
10  90 1  5 17 1  9 49 1  3 83 1  4 40 1  2 23 1  7 65 1  8 27 1 10  7 1  6 48 1  1
