10 15
10  84 1  8 58 1  6 77 1  9 44 1  3 97 1  5 89 1  7  5 1  4 58 1  2 96 1 10  9 1  1
10  21 1  7 87 1  2 15 1  5 39 1  6 81 1  3 85 1  4 31 1  8 57 1  9 73 1 10 77 1  1
10  40 1  1 71 1  6 34 1  9 82 1 10 70 1  4 22 1  7 10 1  5 80 1  8 48 1  3 49 1  2
10  75 1  6 17 1  3  7 1  4 72 1  7 11 1  5 62 1  8 47 1  9 35 1 10 91 1  2 55 1  1
10  20 1 10 12 1  5 71 1  7 67 1  8 64 1  1 94 1  3 15 1  9 50 1  6 75 1  4 90 1  2
10  93 1  7 93 1  6 57 1  2 70 1  8 77 1  9 58 1  5 52 1  1 29 1  3  7 1 10 68 1  4
10  56 1  8 95 1  1 48 1  9 26 1  5 82 1  3 63 1  2 36 1 10 27 1  4 87 1  7  6 1  6
10  76 1  4 15 1  6 78 1 10  8 1  2 41 1  9 36 1  3 30 1  5 84 1  7 36 1  1 76 1  8
10  75 1  1 13 1  8 81 1  3 29 1  9 54 1  5 82 1  7 88 1  6 78 1  2 40 1 10 13 1  4
10   6 1  3 26 1  2 32 1  8 64 1  7 54 1  5 52 1  1 82 1  6  6 1  4 88 1 10 54 1  9
10  62 1  9 67 1  3 32 1  6 62 1  1 69 1  8 61 1  4 35 1  2 72 1  5  5 1 10 93 1  7
10  78 1  3 90 1 10 85 1  1 72 1  2 64 1  9 63 1  7 11 1  4 82 1  8 88 1  6  7 1  5
10  28 1  5 11 1 10 50 1  8 88 1  7 44 1  1 31 1  6 27 1  3 66 1  2 49 1  9 35 1  4
10  14 1  3 39 1  6 56 1  7 62 1  5 97 1  4 66 1 10 69 1  8  7 1  2 47 1  9 76 1  1
10  18 1  2 93 1  9 58 1  8 47 1  7 69 1  4 57 1 10 41 1  3 53 1  6 79 1  5 64 1  1
