10 15
10   8 1  8 75 1 10 72 1  1 74 1  7 30 1  5 43 1  9 38 1  3 98 1  6 26 1  2 19 1  4
10  19 1  7 73 1  9 43 1  4 23 1  1 85 1  2 39 1  5 13 1  6 26 1 10 67 1  3  9 1  8
10  50 1  2 93 1  4 80 1  6  7 1  5 55 1  1 61 1  3 57 1  7 72 1  9 42 1 10 46 1  8
10  68 1  2 43 1  8 99 1  5 60 1  7 68 1  6 91 1  1 11 1  9 96 1  4 11 1 10 72 1  3
10  84 1  8 34 1  3 40 1  9  7 1  6 70 1  2 74 1  7 12 1  4 43 1  1 69 1 10 30 1  5
10  60 1  9 49 1  1 59 1  5 72 1  6 63 1 10 69 1  2 99 1  8 45 1  7 27 1  4  9 1  3
10  71 1  7 91 1  3 65 1  9 90 1  2 98 1 10  8 1  5 50 1  8 75 1  1 37 1  6 17 1  4
10  62 1  9 90 1  8 98 1  6 31 1  4 91 1  3 38 1  5 72 1 10  9 1  2 72 1  1 49 1  7
10  35 1  5 39 1  1 74 1 10 25 1  6 47 1  8 52 1  4 63 1  3 21 1  9 35 1  7 80 1  2
10  58 1 10  5 1  1 50 1  4 52 1  9 88 1  2 20 1  7 68 1  3 24 1  6 53 1  5 57 1  8
10  99 1  8 91 1  4 33 1  5 19 1  6 18 1  3 38 1  7 24 1  1 35 1 10 49 1  2  9 1  9
10  68 1  1 60 1  4 77 1  3 10 1  8 60 1  9 15 1  6 72 1 10 18 1  2 90 1  7 18 1  5
10  79 1 10 60 1  2 56 1  4 91 1  7 40 1  3 86 1  9 72 1  8 80 1  1 89 1  6 51 1  5
10  10 1  5 92 1  3 23 1  6 46 1  7 40 1  9 72 1  8  6 1  4 23 1  2 95 1  1 34 1 10
10  24 1  3 29 1  6 49 1 10 55 1  9 47 1  1 77 1  7 77 1  4  8 1  8 28 1  2 48 1  5
