10 15
10  14 1  9 75 1  5 12 1  4 38 1  3 76 1  1 97 1  6 12 1 10 29 1  2 44 1  8 66 1  7
10  38 1  6 82 1  4 85 1  3 58 1  5 87 1  7 89 1 10 43 1  1 80 1  2 69 1  8 92 1  9
10   5 1 10 84 1  2 43 1  1 48 1  7  8 1  5  7 1  8 41 1  4 61 1  6 66 1  9 14 1  3
10  42 1  3  8 1  2 96 1  1 19 1  6 59 1  5 97 1  8 73 1 10 43 1  9 74 1  4 41 1  7
10  55 1  7 70 1  3 75 1  4 42 1  9 37 1  5 23 1  8 48 1  2  5 1  6 38 1 10  7 1  1
10   9 1  9 72 1  3 31 1  8 79 1  1 73 1  6 95 1  4 25 1  5 43 1  7 60 1 10 56 1  2
10  97 1  1 64 1  3 78 1  4 21 1  6 94 1  5 31 1 10 53 1  9 16 1  7 86 1  8  7 1  2
10  86 1  4 85 1  8 63 1 10 61 1  1 65 1  3 30 1  5 32 1  6 33 1  2 44 1  9 59 1  7
10  44 1  3 16 1  4 11 1  5 45 1  7 30 1  2 84 1 10 93 1  9 60 1  1 61 1  6 90 1  8
10  36 1  8 31 1  9 47 1  5 52 1  7 32 1  1 11 1  6 28 1  3 35 1 10 20 1  4 49 1  2
10  20 1  9 49 1  7 74 1  8 10 1  5 17 1  6 34 1  4 85 1  1 77 1  3 68 1 10 84 1  2
10  85 1  2  7 1  6 71 1  9 59 1  7 76 1  5 17 1  1 29 1  4 17 1  3 48 1  8 13 1 10
10  15 1  3 87 1  7 11 1  8 39 1  2 39 1  5 43 1  9 19 1  1 32 1  4 16 1 10 64 1  6
10  32 1  7 92 1  3 33 1  6 82 1  9 83 1  2 57 1  8 99 1 10 91 1  5 99 1  4  8 1  1
10  88 1  5  7 1  8 27 1  9 38 1  2 91 1  4 69 1  3 21 1  7 62 1 10 39 1  6 48 1  1
