10 20
10  52 1  9 26 1  8 71 1  7 16 1 10 34 1  3 21 1  2 95 1  6 21 1  5 53 1  1 55 1  4
10  55 1  5 98 1  6 39 1  4 79 1 10 12 1  1 77 1  9 77 1  7 66 1  8 31 1  3 42 1  2
10  37 1  6 92 1  5 64 1  3 54 1  7 19 1  2 43 1  8 83 1  1 34 1  4 79 1 10 62 1  9
10  87 1  2 77 1  6 93 1  1 69 1  4 87 1  3 38 1  8 24 1  9 41 1  7 83 1 10 60 1  5
10  98 1  3 25 1  6 75 1  7 77 1 10 49 1  2 17 1  4 79 1  9 44 1  1 43 1  8 96 1  5
10   7 1  2 61 1  5 95 1  1 35 1  3 10 1 10 35 1  9 28 1  6 76 1  4 95 1  8  9 1  7
10  59 1  6 43 1 10 46 1  1 28 1  5 52 1  7 16 1  4 59 1  3 91 1  2 50 1  9 27 1  8
10   9 1  6 43 1 10 14 1  9 71 1  8 20 1  5 54 1  7 41 1  4 87 1  1 45 1  2 39 1  3
10  28 1  2 66 1  9 78 1  1 37 1  3 42 1 10 26 1  4 33 1  6 89 1  7 33 1  5  8 1  8
10  96 1  5 27 1  4 78 1  7 84 1  6 94 1  3 69 1  9 74 1  2 81 1 10 45 1  8 69 1  1
10  24 1  5 32 1  8 25 1 10 17 1  3 87 1  4 81 1  9 76 1  6 18 1  7 31 1  2 20 1  1
10  90 1  9 28 1  6 72 1  2 86 1  8 23 1  3 99 1  4 76 1  7 97 1 10 45 1  5 58 1  1
10  17 1  3 98 1  5 48 1  4 46 1  2 27 1  9 67 1  7 62 1  8 42 1  1 48 1 10 27 1  6
10  80 1  1 50 1  9 19 1  4 98 1  8 28 1  6 50 1  3 94 1  5 63 1  7 12 1  2 80 1 10
10  72 1 10 75 1  1 61 1  5 79 1  9 37 1  7 50 1  3 14 1  6 55 1  4 18 1  8 41 1  2
10  96 1  4 14 1  3 57 1  6 47 1  1 65 1  8 75 1  5 79 1  9 71 1  2 60 1  7 22 1 10
10  31 1  2 47 1  8 58 1  9 32 1  4 44 1  5 58 1  6 34 1  7 33 1  1 69 1  3 51 1 10
10  44 1  2 40 1  8 17 1  3 62 1  1 66 1  9 15 1  7 29 1  4 38 1 10  8 1  6 97 1  5
10  58 1  3 50 1  4 63 1  5 87 1 10 57 1  1 21 1  7 57 1  8 32 1  9 39 1  2 20 1  6
10  85 1  2 84 1  1 56 1  6 61 1  4 15 1 10 70 1  8 30 1  9 90 1  3 67 1  7 20 1  5
