10 20
10  60 1  4 48 1  5 95 1  6 87 1  1 72 1  2  5 1 10 35 1  9 39 1  8 54 1  7 66 1  3
10  37 1  8 34 1  7 97 1  1 55 1  6 21 1  3 20 1  4 59 1  5 46 1 10 19 1  9 46 1  2
10  45 1  5 73 1  3 24 1  2 28 1  9 28 1  1 25 1  4 23 1  6 83 1  8  5 1 10 78 1  7
10  53 1  1 12 1  3 12 1 10 37 1  2 33 1  9 71 1  4 55 1  7 29 1  6 87 1  8 38 1  5
10  90 1  5 49 1  3 27 1 10 65 1  8  7 1  6 23 1  7 48 1  1 83 1  4 17 1  9 40 1  2
10  85 1  4 25 1  5 84 1  3 64 1  7 13 1 10 66 1  2 46 1  8 59 1  9 62 1  1 19 1  6
10  88 1  6 67 1  7 14 1  5 41 1  1 73 1  2 57 1  8 53 1  3 80 1  4 47 1 10 74 1  9
10  78 1  2 64 1  6 63 1  5 46 1  7 84 1  4 84 1  1 28 1  9 52 1 10 26 1  8 41 1  3
10  11 1  2 64 1  1 97 1  7 38 1 10 17 1  3 85 1  5 73 1  6 10 1  4 95 1  9 67 1  8
10  93 1  4 95 1  3 43 1  8 65 1  2 32 1  9 59 1  1 85 1  7 46 1  6 85 1 10 60 1  5
10  61 1  3 41 1  4 49 1  6 23 1  5 66 1  1 49 1  8 70 1  9 99 1 10 90 1  2 17 1  7
10  13 1  5  7 1  8 98 1  2 57 1  9 73 1  1 73 1  4 68 1  3 40 1  6 98 1 10  9 1  7
10  86 1 10 76 1  7 14 1  5 41 1  4 85 1  2 37 1  1 19 1  9 17 1  3 54 1  8 79 1  6
10  40 1  2 53 1  3 97 1  8 87 1  6 96 1  9 84 1  5 16 1  4 66 1  7 52 1 10 95 1  1
10  33 1  7 33 1  2 87 1  4 18 1  1 55 1  3 13 1  9 77 1  5 60 1  8 42 1 10 74 1  6
10  92 1  8 91 1  6 79 1  9 54 1  3 69 1  5 79 1  7 33 1  4 61 1  2 39 1 10 16 1  1
10  82 1  7 41 1  2 28 1  5 64 1  6 78 1  3 76 1  4  6 1  8 49 1  9 47 1 10 58 1  1
10  52 1  1 42 1  6 24 1  9 91 1 10 47 1  4 88 1  7 91 1  5 52 1  8 28 1  3 35 1  2
10  82 1  6 76 1  3 86 1  4 93 1  7 84 1  5 38 1  8 95 1  9 37 1 10 21 1  2 23 1  1
10  77 1 10  8 1  5 42 1  7 64 1  8 70 1  1 45 1  3 45 1  9 28 1  6 67 1  4 86 1  2
