10 20
10  32 1  9 81 1  2 55 1  5 40 1  8  6 1  1 19 1  6 81 1 10 37 1  4 40 1  3  9 1  7
10  70 1  3 55 1  4 21 1  8 64 1  5 46 1  2 25 1  9 65 1 10 77 1  1 65 1  6 15 1  7
10  84 1  8 89 1  5 24 1  4 44 1  2 85 1  3 31 1  9 29 1 10 83 1  7 37 1  6 40 1  1
10  80 1  5 59 1  6  8 1  1 30 1  3 77 1  7 38 1  4 80 1  2 56 1  8 41 1 10 97 1  9
10  40 1  7 71 1  3 91 1  1  7 1  8 59 1 10 80 1  9 50 1  4 56 1  6 17 1  2 88 1  5
10  36 1  8 10 1 10 45 1  1  9 1  7 54 1  5 96 1  9  8 1  3 77 1  6 29 1  2 58 1  4
10  99 1  7 86 1  9 92 1  4 28 1  1 98 1  2 70 1  5 87 1  6 96 1 10 73 1  3 27 1  8
10  95 1  2 85 1  4 56 1  6 52 1  5 59 1  1 41 1  3 81 1  7 39 1  9 32 1 10 92 1  8
10   7 1  2 69 1  8 93 1  5 27 1  7 22 1  6 88 1  1 45 1  9 60 1  4 49 1 10 12 1  3
10  33 1  8 61 1  3 44 1  9 26 1  6 84 1  2 82 1  7 68 1  4 21 1  1 71 1 10 99 1  5
10  43 1  9 72 1  1 30 1  5 98 1  6 75 1 10 26 1  2  8 1  8 74 1  7 19 1  4 38 1  3
10  19 1  7 67 1  3 73 1  9 85 1  2 26 1 10 39 1  5  9 1  8 23 1  1 13 1  6 43 1  4
10  72 1  9 46 1  8 80 1  6 93 1  4 61 1  3  7 1  5 42 1 10 50 1  2 55 1  1 57 1  7
10  99 1  5 91 1  1 11 1 10 68 1  6 43 1  8 96 1  4 72 1  3 11 1  9 60 1  7 68 1  2
10  69 1 10 43 1  1 12 1  4 40 1  9 70 1  2 74 1  7 34 1  3  7 1  6 30 1  5 84 1  8
10  99 1  8 27 1  4 59 1  5 72 1  6  9 1  3 45 1  7 49 1  1 63 1 10 69 1  2 60 1  9
10  75 1  1 17 1  4 91 1  3 50 1  8 65 1  9 37 1  6 98 1 10 90 1  2 71 1  7  8 1  5
10  72 1 10  9 1  2 31 1  4 49 1  7 91 1  3 62 1  9 90 1  8 72 1  1 98 1  6 38 1  5
10  35 1  5 63 1  3 25 1  6 35 1  7 21 1  9 47 1  8 52 1  4 80 1  2 39 1  1 74 1 10
10  68 1  3 24 1  6 58 1 10 52 1  9  5 1  1 20 1  7 50 1  4 57 1  8 88 1  2 53 1  5
