10 20
10  14 1  9 38 1  3 44 1  8 76 1  1 97 1  6 12 1  4 75 1  5 66 1  7 12 1 10 29 1  2
10  43 1  1 85 1  3 82 1  4 38 1  6 58 1  5 89 1 10 92 1  9 87 1  7 69 1  8 80 1  2
10  41 1  4  7 1  8  5 1 10 43 1  1 14 1  3  8 1  5 61 1  6 84 1  2 66 1  9 48 1  7
10  42 1  3 74 1  4 59 1  5 41 1  7  8 1  2 73 1 10 43 1  9 96 1  1 19 1  6 97 1  8
10  23 1  8 42 1  9 37 1  5 55 1  7  7 1  1  5 1  6 70 1  3 38 1 10 75 1  4 48 1  2
10   9 1  9 43 1  7 31 1  8 25 1  5 73 1  6 95 1  4 79 1  1 72 1  3 60 1 10 56 1  2
10   7 1  2 21 1  6 53 1  9 16 1  7 94 1  5 97 1  1 78 1  4 64 1  3 86 1  8 31 1 10
10  65 1  3 59 1  7 85 1  8 33 1  2 30 1  5 44 1  9 61 1  1 86 1  4 63 1 10 32 1  6
10  45 1  7 44 1  3 61 1  6 93 1  9 30 1  2 90 1  8 84 1 10 11 1  5 16 1  4 60 1  1
10  47 1  5 36 1  8 31 1  9 49 1  2 20 1  4 28 1  3 52 1  7 35 1 10 11 1  6 32 1  1
10  77 1  3 10 1  5 68 1 10 17 1  6 85 1  1 84 1  2 20 1  9 49 1  7 74 1  8 34 1  4
10  17 1  1  7 1  6 85 1  2 29 1  4 17 1  3 76 1  5 59 1  7 71 1  9 13 1 10 48 1  8
10  87 1  7 39 1  5 43 1  9 11 1  8 15 1  3 32 1  4 64 1  6 19 1  1 39 1  2 16 1 10
10  33 1  6 99 1  4 32 1  7 91 1  5 82 1  9 92 1  3 99 1 10 57 1  8 83 1  2  8 1  1
10  91 1  4 39 1  6 69 1  3 27 1  9  7 1  8 21 1  7 38 1  2 62 1 10 88 1  5 48 1  1
10  67 1  3 80 1  8 24 1  4 88 1  1 18 1  5 44 1  2 45 1  9 64 1 10 80 1  6 38 1  7
10  59 1 10 72 1  4 47 1  7 40 1  5 21 1  8 43 1  6 51 1  1 52 1  9 24 1  2 15 1  3
10  70 1  4 31 1  3 20 1  7 76 1  9 40 1  2 43 1  8 32 1  1 88 1  6  5 1 10 77 1  5
10  47 1  5 64 1  6 85 1 10 49 1  4 58 1  8 26 1  2 32 1  1 80 1  9 14 1  3 94 1  7
10  59 1  6 96 1  3  5 1  1 79 1  8 34 1  9 75 1  5 26 1  4  9 1  7 23 1 10 11 1  2
