10 20
10  32 1  7 16 1  4 33 1  2 12 1  9 70 1  8 10 1  5 75 1 10 82 1  1 88 1  6 20 1  3
10  39 1  9 81 1  5 91 1  4 56 1  6 69 1 10 45 1  2 59 1  7 86 1  1 36 1  3 68 1  8
10  84 1  4 57 1  3 41 1  8 73 1  6 81 1  5 88 1  1 38 1  9 17 1 10 83 1  7  5 1  2
10  20 1  5  6 1  6 15 1  3 19 1  9 30 1  2 94 1  1 45 1  7 17 1  8 18 1  4 88 1 10
10  24 1 10 49 1  7 16 1  6 11 1  5 60 1  4  5 1  8 63 1  9 25 1  2 15 1  3 45 1  1
10  86 1  2 50 1  9 77 1  3 54 1  7 48 1 10 93 1  1 32 1  4 92 1  8 45 1  6 71 1  5
10  86 1  6 90 1  7 78 1  4 88 1 10 57 1  3 32 1  1 57 1  8 86 1  9 71 1  5 39 1  2
10  59 1  3 18 1  4 31 1 10 41 1  5 20 1  8 83 1  6 65 1  9 54 1  1 94 1  7 69 1  2
10  47 1  4 79 1  5 76 1  7 59 1  1 72 1  2  8 1  3 30 1 10 73 1  6 57 1  8 84 1  9
10  59 1  1 89 1  3 10 1  5 45 1  8  8 1  4 54 1  6 88 1  7 20 1  9  7 1 10 62 1  2
10  63 1  6  9 1  7 77 1  5 37 1  4  5 1  3 13 1  9 79 1 10 24 1  2 10 1  8 82 1  1
10  74 1  1 32 1  2 61 1  3 53 1  8 92 1  5 20 1 10 10 1  9  5 1  4 45 1  7 23 1  6
10  85 1  3 51 1 10 61 1  1 99 1  6 37 1  5 94 1  7 98 1  2 65 1  9 33 1  4 75 1  8
10  51 1  1 24 1  4  8 1  6 30 1  7 12 1  8 23 1  9  7 1  3 17 1  5 35 1 10 81 1  2
10  71 1  2 42 1  6 68 1  9 31 1  3 29 1  7 63 1  4 65 1  5 70 1 10 27 1  8 93 1  1
10  28 1  2 38 1  6 51 1  5 70 1  8 33 1  3 78 1  9 45 1 10 90 1  4 54 1  7 72 1  1
10  18 1  1 90 1  3 25 1  5 92 1  7 85 1  9 35 1  6 29 1  8 81 1  2 80 1 10 59 1  4
10  67 1  6 96 1  3 38 1  2 86 1  5 97 1  1 94 1  4 86 1  8 35 1  7 82 1 10 45 1  9
10  92 1  3 51 1  9 59 1  5 52 1  7  8 1  6 70 1 10 75 1  2 54 1  4 60 1  8 33 1  1
10  98 1  4 80 1  8 78 1  6 82 1  1  7 1  3 89 1 10 69 1  2 51 1  5 79 1  9 62 1  7
