10 30
10  21 1  5 26 1  8 16 1 10 34 1  3 55 1  4 52 1  9 95 1  6 71 1  7 21 1  2 53 1  1
10  77 1  9 98 1  6 42 1  2 66 1  8 31 1  3 39 1  4 77 1  7 79 1 10 55 1  5 12 1  1
10  64 1  3 92 1  5 34 1  4 19 1  2 62 1  9 54 1  7 43 1  8 83 1  1 79 1 10 37 1  6
10  93 1  1 24 1  9 69 1  4 38 1  8 77 1  6 87 1  3 60 1  5 41 1  7 87 1  2 83 1 10
10  77 1 10 44 1  1 96 1  5 79 1  9 75 1  7 98 1  3 25 1  6 17 1  4 43 1  8 49 1  2
10  76 1  4 35 1  3 28 1  6 95 1  1 95 1  8 61 1  5 35 1  9  7 1  2  9 1  7 10 1 10
10  91 1  2 27 1  8 50 1  9 16 1  4 28 1  5 59 1  6 52 1  7 46 1  1 59 1  3 43 1 10
10  45 1  2 71 1  8 39 1  3 87 1  1 14 1  9 54 1  7 41 1  4 43 1 10  9 1  6 20 1  5
10  37 1  3 26 1  4 33 1  5 42 1 10 78 1  1 89 1  7  8 1  8 66 1  9 28 1  2 33 1  6
10  74 1  2 69 1  1 84 1  6 27 1  4 81 1 10 45 1  8 69 1  9 94 1  3 78 1  7 96 1  5
10  76 1  6 32 1  8 18 1  7 20 1  1 87 1  4 17 1  3 25 1 10 24 1  5 31 1  2 81 1  9
10  97 1 10 90 1  9 28 1  6 86 1  8 58 1  1 72 1  2 23 1  3 76 1  7 99 1  4 45 1  5
10  48 1 10 27 1  6 67 1  7 62 1  8 98 1  5 42 1  1 46 1  2 27 1  9 48 1  4 17 1  3
10  80 1 10 19 1  4 28 1  6 12 1  2 94 1  5 63 1  7 98 1  8 50 1  9 80 1  1 50 1  3
10  50 1  3 41 1  2 61 1  5 79 1  9 14 1  6 72 1 10 18 1  8 55 1  4 37 1  7 75 1  1
10  22 1 10 57 1  6 75 1  5 14 1  3 65 1  8 96 1  4 71 1  2 47 1  1 79 1  9 60 1  7
10  32 1  4 69 1  3 44 1  5 31 1  2 51 1 10 33 1  1 34 1  7 58 1  6 47 1  8 58 1  9
10  66 1  9 40 1  8 17 1  3 62 1  1 38 1 10  8 1  6 15 1  7 29 1  4 44 1  2 97 1  5
10  50 1  4 58 1  3 21 1  7 63 1  5 57 1  8 32 1  9 20 1  6 87 1 10 57 1  1 39 1  2
10  20 1  5 67 1  7 85 1  2 90 1  3 70 1  8 84 1  1 30 1  9 56 1  6 61 1  4 15 1 10
10  29 1  7 82 1  1 18 1  5 38 1  4 21 1  8 50 1  9 23 1  2 84 1  6 45 1  3 41 1 10
10  54 1  4 37 1 10 62 1  7 16 1  6 52 1  1 57 1  9 54 1  5 38 1  3 74 1  8 52 1  2
10  79 1  5 61 1  2 11 1  9 81 1  1 89 1  8 89 1  7 57 1  6 68 1  4 81 1 10 30 1  3
10  24 1 10 66 1  2 32 1  5 33 1  4  8 1  9 20 1  3 84 1  7 91 1  1 55 1  8 20 1  6
10  54 1  4 64 1  3 83 1  7 40 1 10  8 1  8  7 1  1 19 1  5 56 1  6 39 1  2  7 1  9
10   6 1  2 74 1  5 63 1  1 64 1  3 15 1 10 42 1  7 98 1  8 61 1  9 40 1  6 91 1  4
10  80 1  2 75 1  4 26 1  1 87 1  3 22 1 10 39 1  8 24 1  9 75 1  5 44 1  7  6 1  6
10   8 1  6 79 1  4 61 1  7 15 1  2 12 1  1 43 1  8 26 1  9 22 1 10 20 1  3 80 1  5
10  36 1  2 63 1  1 10 1  8 22 1  5 96 1  4 40 1  6  5 1 10 18 1  9 33 1  7 62 1  3
10   8 1  5 15 1  9 64 1  3 95 1  4 96 1  2 38 1  7 18 1  8 23 1 10 64 1  6 89 1  1
