10 30
10  89 1  7 58 1  2 97 1  5 44 1  3 77 1  9  5 1  4  9 1  1 58 1  6 96 1 10 84 1  8
10  31 1  8 81 1  3 73 1 10 15 1  5 87 1  2 39 1  6 57 1  9 77 1  1 85 1  4 21 1  7
10  48 1  3 71 1  6 40 1  1 70 1  4 49 1  2 22 1  7 10 1  5 34 1  9 80 1  8 82 1 10
10  11 1  5 72 1  7 62 1  8 55 1  1 17 1  3 75 1  6  7 1  4 91 1  2 35 1 10 47 1  9
10  64 1  1 71 1  7 12 1  5 90 1  2 94 1  3 75 1  4 20 1 10 15 1  9 50 1  6 67 1  8
10  29 1  3 93 1  7 68 1  4 93 1  6 57 1  2 77 1  9 52 1  1  7 1 10 58 1  5 70 1  8
10  26 1  5 27 1  4 63 1  2  6 1  6 87 1  7 56 1  8 48 1  9 36 1 10 95 1  1 82 1  3
10   8 1  2 76 1  8 76 1  4 30 1  5 84 1  7 78 1 10 41 1  9 36 1  1 36 1  3 15 1  6
10  13 1  4 29 1  9 75 1  1 81 1  3 78 1  2 88 1  6 54 1  5 40 1 10 13 1  8 82 1  7
10  52 1  1  6 1  3  6 1  4 82 1  6 64 1  7 88 1 10 54 1  9 54 1  5 32 1  8 26 1  2
10  62 1  9 35 1  2 72 1  5 69 1  8 62 1  1 32 1  6  5 1 10 61 1  4 67 1  3 93 1  7
10  78 1  3 11 1  4 82 1  8  7 1  5 72 1  2 64 1  9 90 1 10 85 1  1 88 1  6 63 1  7
10  50 1  8 28 1  5 35 1  4 66 1  2 27 1  3 49 1  9 11 1 10 88 1  7 31 1  6 44 1  1
10  62 1  5 39 1  6 76 1  1 14 1  3 56 1  7 97 1  4  7 1  2 69 1  8 66 1 10 47 1  9
10  47 1  7 41 1  3 64 1  1 58 1  8 57 1 10 93 1  9 69 1  4 53 1  6 18 1  2 79 1  5
10  76 1  8 81 1 10 76 1  1 61 1  7 77 1  5 26 1  9 74 1  3 22 1  6 58 1  2 78 1  4
10  30 1  7 72 1  9 43 1  4 65 1  1 16 1  2 92 1  5 95 1  6 29 1 10 99 1  3 64 1  8
10  35 1  2 74 1  4 16 1  6 85 1  5  7 1  1 81 1  3 86 1  7 61 1  9 35 1 10 34 1  8
10  97 1  2 43 1  8 72 1  5 88 1  7 17 1  6 43 1  1 94 1  9 64 1  4 22 1 10 42 1  3
10  99 1  8 84 1  3 99 1  9 98 1  6 20 1  2 31 1  7 74 1  4 92 1  1 23 1 10 89 1  5
10  32 1  9  6 1  1 55 1  5 19 1  6 81 1 10 81 1  2 40 1  8  9 1  7 37 1  4 40 1  3
10  15 1  7 70 1  3 25 1  9 46 1  2 65 1 10 64 1  5 21 1  8 77 1  1 65 1  6 55 1  4
10  31 1  9 84 1  8 37 1  6 24 1  4 85 1  3 89 1  5 29 1 10 44 1  2 40 1  1 83 1  7
10  80 1  5  8 1  1 41 1 10 59 1  6 56 1  8 38 1  4 30 1  3 97 1  9 77 1  7 80 1  2
10  59 1 10 91 1  1 50 1  4 80 1  9 17 1  2 40 1  7 71 1  3 56 1  6 88 1  5  7 1  8
10  36 1  8 58 1  4 54 1  5 77 1  6  8 1  3  9 1  7 45 1  1 10 1 10 29 1  2 96 1  9
10  28 1  1 92 1  4 73 1  3 27 1  8 86 1  9 87 1  6 96 1 10 98 1  2 99 1  7 70 1  5
10  32 1 10 95 1  2 85 1  4 81 1  7 41 1  3 39 1  9 92 1  8 59 1  1 56 1  6 52 1  5
10  93 1  5 12 1  3 22 1  6 27 1  7 45 1  9 69 1  8 60 1  4  7 1  2 88 1  1 49 1 10
10  61 1  3 26 1  6 71 1 10 44 1  9 21 1  1 82 1  7 68 1  4 33 1  8 84 1  2 99 1  5
