10 30
10  38 1  3 75 1  5 12 1 10 97 1  6 76 1  1 29 1  2 14 1  9 66 1  7 44 1  8 12 1  4
10  43 1  1 38 1  6 80 1  2 82 1  4 85 1  3 58 1  5 87 1  7 92 1  9 89 1 10 69 1  8
10  48 1  7  8 1  5 66 1  9  7 1  8 14 1  3 41 1  4 61 1  6 43 1  1 84 1  2  5 1 10
10  19 1  6 74 1  4 41 1  7 59 1  5 43 1  9 42 1  3 73 1 10 97 1  8  8 1  2 96 1  1
10  75 1  4  5 1  6 70 1  3 42 1  9 23 1  8 55 1  7 48 1  2 38 1 10 37 1  5  7 1  1
10  72 1  3 31 1  8 95 1  4 79 1  1 25 1  5 56 1  2  9 1  9 60 1 10 73 1  6 43 1  7
10  31 1 10 78 1  4 16 1  7 94 1  5 86 1  8 21 1  6 97 1  1 53 1  9  7 1  2 64 1  3
10  86 1  4 65 1  3 59 1  7 44 1  9 33 1  2 85 1  8 61 1  1 32 1  6 63 1 10 30 1  5
10  11 1  5 61 1  6 84 1 10 16 1  4 90 1  8 30 1  2 60 1  1 93 1  9 44 1  3 45 1  7
10  11 1  6 28 1  3 32 1  1 36 1  8 31 1  9 47 1  5 20 1  4 52 1  7 35 1 10 49 1  2
10  17 1  6 34 1  4 49 1  7 84 1  2 85 1  1 20 1  9 74 1  8 68 1 10 10 1  5 77 1  3
10  71 1  9  7 1  6 29 1  4 85 1  2 76 1  5 59 1  7 17 1  3 17 1  1 13 1 10 48 1  8
10  39 1  2 16 1 10 39 1  5 87 1  7 11 1  8 32 1  4 15 1  3 19 1  1 64 1  6 43 1  9
10  33 1  6 82 1  9 92 1  3 83 1  2 32 1  7 99 1  4 99 1 10 91 1  5  8 1  1 57 1  8
10   7 1  8 48 1  1 62 1 10 88 1  5 21 1  7 39 1  6 27 1  9 91 1  4 38 1  2 69 1  3
10  64 1 10 45 1  9 24 1  4 80 1  8 67 1  3 18 1  5 38 1  7 88 1  1 80 1  6 44 1  2
10  15 1  3 72 1  4 40 1  5 21 1  8 52 1  9 51 1  1 59 1 10 24 1  2 47 1  7 43 1  6
10  77 1  5 43 1  8 40 1  2 31 1  3 76 1  9 20 1  7 88 1  6 70 1  4  5 1 10 32 1  1
10  14 1  3 58 1  8 85 1 10 64 1  6 26 1  2 94 1  7 32 1  1 49 1  4 80 1  9 47 1  5
10  23 1 10 11 1  2 34 1  9 75 1  5 79 1  8 26 1  4 96 1  3  5 1  1  9 1  7 59 1  6
10  75 1  1 20 1  3 10 1  9 66 1  4 43 1  7 37 1  8  9 1  2 83 1 10 68 1  5 52 1  6
10  54 1  9 26 1  2 79 1  5 88 1  8 84 1  7  6 1  1 54 1  3 59 1 10 28 1  4 42 1  6
10  56 1  5 29 1 10 36 1  4 40 1  1 86 1  7 68 1  9 69 1  3 23 1  8 62 1  6 16 1  2
10  53 1  8  5 1  2 17 1  7 59 1 10 59 1  3 78 1  9 64 1  4 82 1  1 13 1  5 12 1  6
10   7 1 10 62 1  7 90 1  8 83 1  6 85 1  2 69 1  4 16 1  1 81 1  5 58 1  3 66 1  9
10  24 1  8 65 1  3 69 1  2 42 1  6 82 1 10 82 1  7 83 1  1 46 1  4 72 1  9 33 1  5
10  10 1  2 27 1  9 43 1  8 20 1  6 71 1  5 65 1 10 73 1  3 99 1  7 24 1  1 64 1  4
10  35 1 10 92 1  4 38 1  1 35 1  6 30 1  8 45 1  9  8 1  3 82 1  5 34 1  2 21 1  7
10  23 1  6 84 1  8  7 1 10 85 1  5 60 1  9 15 1  2 52 1  3 94 1  7 83 1  4  6 1  1
10  70 1  3 29 1  7 27 1  9 80 1 10  6 1  5 39 1  8 79 1  2 28 1  1 66 1  4 66 1  6
