10 30
10  51 1  3 59 1  8 35 1  2 73 1  6 65 1 10 27 1  1 13 1  7 81 1  4 32 1  9 74 1  5
10  64 1  5 33 1  8 75 1  6 33 1  3 10 1  9 28 1  1 38 1  4 53 1  7 49 1 10 55 1  2
10  83 1  7 23 1  2 72 1  3  7 1  4 72 1 10  6 1  1 39 1  5 52 1  6 90 1  9 21 1  8
10  82 1  4 23 1  2 93 1  3 78 1  5 88 1  7 53 1  8 28 1 10 65 1  9 21 1  6 61 1  1
10  41 1  5 12 1  7 12 1 10 77 1  4 70 1  2 24 1  8 81 1  1 73 1  6 62 1  3  6 1  9
10  98 1  5 28 1  4 42 1  7 72 1 10 15 1  1 15 1  9 94 1  6 33 1  3 51 1  2 99 1  8
10  32 1  1 22 1  9 96 1 10 15 1  5 78 1  7 31 1  4  7 1  6 94 1  2 23 1  3 86 1  8
10  93 1  8 97 1  3 43 1  4 73 1  6 24 1  1 68 1  9 88 1 10 42 1  2 35 1  5 72 1  7
10  14 1  3 44 1  1 13 1  9 67 1  6 63 1  2 49 1  4  5 1  8 17 1  5 85 1  7 66 1 10
10  82 1  8 15 1 10 72 1  4 26 1  5  8 1  1 68 1  2 21 1  7 45 1  9 99 1  3 27 1  6
10  93 1  5 23 1  7 51 1  1 54 1  9 49 1  4 96 1  2 56 1  3 36 1 10 53 1  6 52 1  8
10  60 1  9 14 1  1 70 1  5 55 1 10 23 1  2 83 1  6 38 1  4 24 1  3 37 1  8 48 1  7
10  62 1  1 15 1  8 69 1  9 23 1 10 82 1  2 26 1  7 45 1  5 33 1  6 12 1  4 37 1  3
10  72 1  7  9 1  2 15 1  8 28 1  6 92 1  9 12 1 10 59 1  1 64 1  4 87 1  5 73 1  3
10  50 1  1 14 1  2 90 1  8 46 1  6 71 1  4 48 1  5 80 1  3 61 1 10 24 1  9 44 1  7
10  22 1  1 94 1 10 16 1  6 73 1  4 54 1  3 54 1  9 46 1  5 97 1  2 61 1  7 75 1  8
10  55 1 10 67 1  4 77 1  7 30 1  5  6 1  8 32 1  2 47 1  9 93 1  6  6 1  3 40 1  1
10  30 1  2 98 1  4 79 1  8 22 1  1 79 1  7  7 1  3 36 1  9 36 1 10  9 1  6 92 1  5
10  37 1  9 72 1  8 52 1  3 31 1  5 82 1  2 54 1 10  7 1  6 82 1  7 73 1  4 49 1  1
10  73 1  2 83 1  4 45 1  8 76 1  3 43 1  5 29 1 10 35 1  1 92 1  6 39 1  9 28 1  7
10  58 1  3 26 1  1 48 1  2 52 1  9 34 1  8 96 1  7 70 1  6 98 1  5 80 1  4 94 1 10
10  70 1  2 23 1  9 26 1  6 14 1  5 90 1  7 93 1  3 21 1  4 42 1  1 18 1  8 36 1 10
10  28 1  5 76 1  7 25 1  8 17 1  1 84 1  2 67 1  3 87 1  9 43 1  4 88 1 10 84 1  6
10  30 1  8 91 1  4 52 1  9 80 1  5 21 1  1  8 1  6 37 1 10 15 1  3 12 1  7 92 1  2
10  28 1  2  7 1  5 46 1  8 92 1  7 77 1  3 15 1  4 69 1 10 54 1  9 47 1  1 39 1  6
10  50 1 10 44 1  6 64 1  3 38 1  9 93 1  5 33 1  7 75 1  8 41 1  1 24 1  2  5 1  4
10  94 1  8 17 1  1 87 1  7 21 1  3 92 1  9 28 1 10 61 1  2 63 1  5 34 1  4 77 1  6
10  72 1  4 98 1  9  5 1 10 28 1  5  9 1  3 95 1  6 64 1  7 43 1  2 50 1  1 96 1  8
10  85 1  1 85 1  3 39 1  9 98 1  2 24 1  8 71 1  4 60 1  6 55 1  5 22 1 10 35 1  7
10  78 1  4 49 1  7 46 1  3 11 1  2 90 1  1 20 1  6 34 1 10  6 1  8 70 1  5 74 1  9
