10 30
10  66 1  1 84 1  3 26 1  4 29 1  8 94 1 10 98 1  7  7 1  9 98 1  6 45 1  2 43 1  5
10  32 1  4 97 1  1 55 1  7 88 1  3 93 1  9 88 1 10 20 1  2 50 1  5 17 1  8  5 1  6
10  43 1  5 68 1  4 47 1  9 68 1 10 57 1  2 20 1  7 81 1  6 60 1  3 94 1  8 62 1  1
10  57 1  2 40 1  6 78 1  1  9 1  7 49 1  3 17 1 10 32 1  4 30 1  5 87 1  9 77 1  8
10  52 1  1 30 1  5 48 1  4 48 1  6 26 1  2 17 1 10 93 1  7 97 1  9 49 1  8 89 1  3
10  95 1  8 33 1  1  5 1  2 17 1  7 70 1  6 57 1  4 34 1  5 61 1  3 62 1  9 39 1 10
10  97 1  8 92 1  6 31 1  2  5 1  9 79 1  3  5 1  5 67 1  4  5 1  1 78 1 10 60 1  7
10  79 1  3  6 1  5 20 1  8 45 1  9 34 1  7 24 1  4 26 1 10 68 1  6 16 1  2 46 1  1
10  58 1  8 50 1 10 19 1  3 93 1  9 49 1  7 25 1  4 85 1  6 50 1  5 93 1  1 26 1  2
10  81 1 10 71 1  7  7 1  6 39 1  2 16 1  3 42 1  9 71 1  1 84 1  5 56 1  4 99 1  8
10   9 1  9 86 1  1  6 1 10 71 1  4 97 1  7 85 1  6 16 1  5 42 1  3 81 1  8 81 1  2
10  72 1  5 24 1  4 30 1  1 56 1  9 43 1  3 61 1  2 82 1  8 40 1  7 59 1  6 43 1 10
10  43 1 10 13 1  2 70 1  7 93 1  8 95 1  1 12 1  9 15 1  5 78 1  3 97 1  6 14 1  4
10  14 1  1 26 1  7 71 1  2 46 1  4 80 1  9 31 1  6 37 1  5 27 1 10 92 1  8 67 1  3
10  12 1  3 43 1  1 96 1  6  7 1  7 45 1  4 20 1  8 13 1  2 29 1 10 60 1  5 33 1  9
10  78 1  2 50 1  6 84 1  7 42 1  1 84 1  9 30 1  5 76 1 10 57 1  3 87 1  8 59 1  4
10  49 1  5 50 1  8 15 1  2 13 1  9 93 1  1 50 1  7 32 1 10 59 1  6 10 1  4 35 1  3
10  25 1  2 47 1  1 60 1  8 33 1  9 53 1  5 37 1  6 73 1 10 22 1  3 87 1  4 79 1  7
10  84 1  1 83 1  7 71 1  2 68 1  6 89 1 10 11 1  9 60 1  4 50 1  5 33 1  3 97 1  8
10  14 1  2 38 1  1 88 1  7  5 1  6 77 1  5 92 1  8 24 1  9 73 1  3 52 1 10 71 1  4
10  62 1  8 19 1 10 38 1  7 15 1  4 64 1  9 64 1  3  8 1  5 61 1  2 19 1  1 33 1  6
10  33 1  3 46 1  6 74 1  5 56 1  1 84 1  7 83 1 10 19 1  9  8 1  8 32 1  4 97 1  2
10  50 1  5 71 1  4 50 1  7 97 1  3  8 1 10 17 1  1 19 1  8 92 1  9 54 1  6 52 1  2
10  32 1  9 79 1  2 97 1  4 38 1  6 49 1 10 76 1  5 76 1  7 56 1  1 78 1  3 54 1  8
10  13 1  6  5 1  4 25 1  3 86 1  1 95 1  2 28 1 10 78 1  7 24 1  9 10 1  8 39 1  5
10  48 1  8 59 1  3 20 1  1  7 1 10 31 1  6 97 1  7 89 1  2 32 1  5 25 1  4 41 1  9
10  87 1  6 18 1  1 48 1 10 43 1  3 30 1  2 97 1  7 47 1  8 65 1  9 69 1  4 27 1  5
10  71 1  7 20 1  6 20 1  9 78 1  2 39 1  4 17 1  1 50 1  8 44 1  3 42 1 10 38 1  5
10  50 1  1 42 1 10 72 1  4  7 1  6 77 1  2 58 1  8 78 1  5 89 1  3 70 1  7 36 1  9
10  32 1  4 95 1 10 13 1  3 73 1  1 97 1  7 24 1  9 49 1  5 57 1  6 68 1  2 94 1  8
