15 15
15  21 1  5 55 1  4 71 1  7 98 1 15 12 1 11 34 1  3 16 1 10 21 1  2 53 1  1 26 1  8 52 1  9 95 1  6 31 1 13 42 1 12 39 1 14
15  54 1 12 83 1  5 77 1  2 64 1  8 34 1  9 79 1 15 43 1 13 55 1  1 77 1  4 19 1  7 37 1 10 79 1  6 92 1 11 62 1 14 66 1  3
15  83 1 10 77 1  6 87 1  3 38 1  8 60 1  5 98 1 13 93 1  1 17 1 14 41 1  7 44 1 11 69 1  4 49 1 12 24 1  9 87 1  2 25 1 15
15  77 1  6 96 1  1 28 1 10  7 1  7 95 1  5 35 1 14 35 1  8 76 1  9  9 1 12 95 1 13 43 1  3 75 1  2 61 1 11 10 1 15 79 1  4
15  87 1 11 28 1  5 50 1  9 59 1  3 46 1  1 45 1 12  9 1 15 43 1 10 52 1  7 27 1  8 91 1  2 41 1 14 16 1  4 59 1  6 39 1 13
15  20 1  1 71 1  3 78 1  5 66 1 14 14 1  4  8 1 13 42 1 15 28 1  7 54 1  2 33 1 10 89 1 12 26 1  9 37 1  8 33 1 11 43 1  6
15  69 1  9 96 1  5 17 1 13 69 1  1 45 1  8 31 1 12 78 1  7 20 1 11 27 1  4 87 1 14 74 1  2 84 1  6 76 1 15 94 1  3 81 1 10
15  58 1  5 90 1 14 76 1 12 81 1  4 23 1  8 28 1 10 18 1  2 32 1  3 86 1 13 99 1  9 97 1 15 24 1  1 45 1 11 72 1  7 25 1  6
15  27 1  6 46 1  2 67 1  7 27 1  9 19 1 14 80 1 11 17 1  3 48 1  4 62 1  8 12 1 12 28 1 15 98 1  5 42 1  1 48 1 10 50 1 13
15  37 1 12 80 1  6 75 1  5 55 1  9 50 1  8 94 1  1 14 1 10 41 1  7 72 1 15 50 1  4 61 1 11 79 1 14 98 1  3 18 1 13 63 1  2
15  65 1  8 96 1  4 47 1  1 75 1  5 69 1 13 58 1 15 33 1 11 71 1  2 22 1 10 32 1 14 57 1  6 79 1  9 14 1  3 31 1 12 60 1  7
15  34 1  2 47 1  3 58 1  4 51 1  6 62 1  5 44 1  7  8 1 10 17 1  8 97 1 11 29 1  9 15 1 12 66 1 14 40 1 13 44 1  1 38 1 15
15  50 1  4 57 1  8 61 1 14 20 1  6 85 1 12 90 1 13 58 1  3 63 1  5 84 1 11 39 1  2 87 1 10 21 1  7 56 1 15 32 1  9 57 1  1
15  84 1 10 45 1  8 15 1  6 41 1 15 18 1 11 82 1  5 29 1 12 70 1  3 67 1  2 30 1  4 50 1 14 23 1  7 20 1  1 21 1 13 38 1  9
15  37 1 10 81 1 11 61 1 12 57 1 15 57 1  9 52 1  1 74 1  8 62 1  7 30 1 13 52 1  2 38 1  3 68 1 14 54 1  5 54 1  4 16 1  6
