15 15
15  19 1  6 64 1  7 73 1 12 13 1 10 84 1  3 88 1 15 85 1  4 41 1 11 53 1 13 80 1 14 66 1  2 46 1  8 59 1  9 25 1  5 62 1  1
15  67 1  2 74 1  4 41 1  8 57 1  3 52 1 15 14 1  1 64 1 10 84 1  9 78 1  7 47 1  6 28 1 14 84 1  5 63 1 11 26 1 13 46 1 12
15  97 1  7 95 1  9 64 1  1 38 1 10 59 1 11 95 1 13 17 1  3 65 1 12 93 1 14 10 1  4 73 1  6 11 1  2 85 1  5 46 1 15 67 1  8
15  23 1 11 49 1 13 32 1  4 66 1  5 43 1  3 60 1  1 41 1  9 61 1  8 70 1 14 49 1 10 17 1 12 90 1  7 85 1  2 99 1 15 85 1  6
15  98 1 10 57 1  9 73 1  4  9 1  7 73 1  1  7 1  8 98 1  2 13 1  5 41 1 14 40 1  6 85 1 12 37 1 11 68 1  3 79 1 15 17 1 13
15  66 1 12 53 1  8 86 1  6 40 1  7 14 1  1 19 1  4 96 1 14 95 1  5 54 1  3 84 1 11 97 1 13 16 1  9 52 1 15 76 1  2 87 1 10
15  77 1  5 55 1  3 42 1 10 74 1  6 91 1 15 33 1 14 16 1 11 54 1 13 18 1  1 87 1  4 60 1  8 13 1  9 33 1  7 33 1  2 61 1 12
15  41 1  7 39 1  6 82 1 12 64 1 10 47 1 15 28 1 11 78 1  8 49 1 14 79 1  2 58 1  5 92 1  3 79 1  4  6 1 13 69 1  1 76 1  9
15  21 1 12 42 1  6 91 1 10 28 1  3 52 1  1 88 1  7 76 1 13 86 1 14 23 1 11 35 1  2 52 1  8 91 1  5 47 1  4 82 1 15 24 1  9
15  42 1 12 93 1  2 95 1  4 45 1 14 28 1 10 77 1 15 84 1  1  8 1 11 45 1  8 70 1  5 37 1  6 86 1  7 64 1 13 67 1  9 38 1  3
15  97 1  5 81 1 13 58 1  2 84 1  8 58 1  6  9 1  1 87 1 12  5 1  4 44 1  3 85 1 14 89 1  7 77 1 11 96 1 10 39 1 15 77 1  9
15  80 1 13 21 1  2 10 1 11 73 1  6 70 1  9 49 1  7 31 1  3 34 1 14 40 1  5 22 1 12 15 1  1 82 1 15 57 1  4 71 1 10 48 1  8
15  17 1  3 62 1  8 75 1  6 35 1 10 91 1  2 50 1 15  7 1  4 64 1 11 75 1 14 94 1 13 55 1  1 72 1  7 47 1  9 11 1  5 90 1 12
15  93 1 12 57 1  7 71 1  2 70 1 13 93 1 10 20 1  6 15 1  4 77 1 14 58 1 11 12 1  1 67 1  3 68 1  9  7 1 15 29 1  8 52 1  5
15  76 1 14 27 1  4 26 1  5 36 1 10  8 1 12 36 1 11 95 1  1 48 1  9 82 1  3 87 1  7  6 1  6 63 1  2 56 1  8 36 1 13 15 1 15
