15 15
15  26 1  2 67 1 13 72 1  1 74 1  7 13 1 15 43 1  9 30 1  5 19 1  4 23 1 11 85 1 12 98 1  6 43 1 14 38 1  3  8 1  8 75 1 10
15  42 1 15 39 1  1 55 1  5 46 1 13 19 1  2 93 1  9 80 1 10 26 1  6  7 1 11 50 1  7 57 1 12 73 1  4  9 1  3 61 1  8 72 1 14
15  96 1  4 99 1  5 34 1 13 60 1  7 43 1  8  7 1 15 12 1 14 11 1  9 70 1 12 43 1 11 91 1  1 68 1  2 11 1 10 68 1  6 72 1  3
15  63 1 15 45 1 12 49 1  5 74 1  2 27 1  9 30 1  1 72 1 10  9 1  8 99 1 13 60 1 14 69 1  6 69 1  7 84 1  3 40 1  4 59 1 11
15  91 1  3 75 1  1 98 1 10 17 1  4 72 1 11 31 1 14  9 1 12 98 1 15 50 1  8 37 1  6  8 1  5 65 1  9 90 1  2 91 1 13 71 1  7
15  35 1 12 80 1  7 39 1  5 62 1  4 74 1 15 72 1  6 35 1 11 25 1 10 49 1  2 52 1  9 63 1  8 90 1  3 21 1 14 47 1 13 38 1  1
15  19 1 15 57 1  8 24 1 11 91 1 14 50 1  4  5 1  1 49 1 12 18 1 13 58 1 10 24 1  6 52 1  9 88 1  2 68 1  3 20 1  7 53 1  5
15  77 1  8 72 1 15 35 1  6 90 1 12 68 1  5 18 1  7  9 1  4 33 1  1 60 1  9 18 1 11 10 1 13 60 1 14 38 1  2 99 1  3 15 1 10
15   6 1 14 86 1  9 40 1  3 79 1 10 92 1 13 23 1 12 89 1  6 95 1 11 91 1  7 72 1  8 80 1  1 60 1  2 56 1  4 51 1  5 23 1 15
15  46 1  2 28 1  7 34 1  6 77 1 12 47 1  5 10 1  1 49 1 15 77 1  9 48 1 11 24 1  8  8 1 13 72 1  3 55 1 14 29 1 10 40 1  4
15  22 1 11 89 1  5 79 1 13  7 1  1 15 1 10  6 1  2 30 1 12 38 1  7 11 1  6 52 1  9 20 1  4  5 1  8  9 1 15 20 1  3 28 1 14
15  73 1  6 56 1 15 37 1  3 22 1  4 25 1 14 58 1  7  8 1  2 93 1  8 88 1  5 17 1  9  9 1 13 69 1 12 71 1 11 85 1 10 55 1  1
15  85 1 10 58 1 15 46 1  4 64 1  9 49 1  3 37 1  7 33 1  2 30 1  5 26 1  6 20 1  1 74 1 14 77 1 11 99 1 13 56 1 12 21 1  8
15  17 1 11 24 1  4 89 1  5 15 1  6 60 1 12 42 1  2 98 1  9 64 1  3 92 1 14 63 1  1 52 1  8 54 1 13 75 1  7 23 1 15 38 1 10
15   8 1  4 17 1  6 56 1 12 93 1  8 26 1 15 62 1 10  7 1  7 88 1 11 97 1  1  7 1  2 43 1  3 29 1  9 35 1 14 87 1 13 57 1  5
