15 15
15  51 1 11 43 1 15 80 1  8 18 1  5 38 1  7 24 1  4 67 1  3 15 1 13 24 1 12 72 1 14 45 1  9 80 1  6 64 1 10 44 1  2 88 1  1
15  40 1  7 88 1 10 77 1 11 59 1  6 20 1 12 52 1  4 70 1  9 40 1  1 32 1  5 76 1 14 43 1 13 31 1  8 21 1  3  5 1 15 47 1  2
15  32 1  1 49 1  4  5 1 11 64 1  6 58 1  8 80 1  9 94 1  7 11 1 12 26 1  2 26 1 14 59 1 15 85 1 10 47 1  5 96 1 13 14 1  3
15  23 1  6  9 1  7 75 1  1 37 1 13 43 1 12 79 1  3 75 1  5 34 1  4 20 1  8 10 1 14 83 1 15 68 1 11 52 1 10 66 1  9  9 1  2
15  69 1 13 59 1 10 28 1  4 62 1 15 36 1 14 26 1  2 84 1  7 16 1 12 54 1  9 42 1  6 54 1  3  6 1  1 40 1 11 88 1  8 79 1  5
15  78 1 14 53 1 13 17 1 12 29 1  6 82 1  5 23 1  3 12 1 10 64 1  9 86 1  2 59 1  8  5 1  7 68 1  4 59 1 15 13 1 11 56 1  1
15  83 1 11 46 1 14  7 1 10 65 1 13 69 1 12 62 1  7 16 1  1 58 1  3 66 1  9 83 1  6 90 1  8 42 1 15 81 1  5 69 1  4 85 1  2
15  73 1  8 71 1 11 64 1  9 10 1  7 20 1 10 99 1 12 24 1  5 65 1 15 82 1  6 72 1  4 43 1 13 82 1  2 27 1 14 24 1  3 33 1  1
15  82 1  5 34 1  2 92 1  4  8 1  3 38 1  1 45 1  9 21 1  7 35 1  6 52 1 13 35 1 10 15 1 12 23 1 15  6 1 11 83 1 14 30 1  8
15  84 1  3  7 1  6 66 1 10  6 1 11 28 1  5 27 1 14 79 1  7 70 1  8 85 1  1 94 1  2 60 1  4 80 1 15 39 1 13 66 1  9 29 1 12
15  44 1  4 58 1  7 14 1 14 65 1  9 72 1  2 14 1  6 52 1 13 21 1  5 25 1 10  5 1  1 51 1 12 61 1  8 55 1 15 42 1 11 36 1  3
15  43 1 15 72 1 11 78 1  6 12 1 12 17 1 13 46 1  1 27 1 10 51 1  7 63 1  3 79 1  2 79 1  9 91 1  8 49 1  5 26 1 14 93 1  4
15  49 1  8 49 1  1 71 1  5 78 1  6 44 1 10 41 1 11 91 1 13 84 1 14 91 1  9 21 1  7 47 1 12 28 1 15 61 1  4 70 1  3 93 1  2
15  25 1  4 85 1  5 66 1  1 45 1  3 95 1 11 21 1 13 84 1  9 24 1  6 53 1 10 67 1  8 91 1  7 11 1 12 32 1 14 30 1  2 89 1 15
15  92 1  4 93 1  8 99 1  1 40 1  2 37 1 11 69 1 13 66 1  6 57 1  7 22 1 15 44 1 10 73 1  9 97 1 14 18 1 12 69 1  3 41 1  5
