15 15
15  65 1 10 28 1 11 74 1  5 33 1 13 51 1  3 75 1 15 73 1  6 32 1  9 13 1  7 81 1  4 35 1  2 59 1  8 38 1 14 55 1 12 27 1  1
15  64 1  1 53 1  2 83 1 12 33 1  3  6 1  5 52 1 10 72 1 15  7 1  9 90 1 14 21 1 13 23 1  7 10 1  4 39 1 11 49 1  6 72 1  8
15  73 1 15 82 1  4 23 1  2 62 1 13 88 1  7 21 1  6 65 1  9 70 1 12 53 1  8 81 1 11 93 1  3 77 1 14 61 1  1 28 1 10 78 1  5
15  12 1  2 51 1  7 33 1  8 15 1  5 72 1 15 98 1 11 94 1 10 12 1  6 42 1 12 24 1  3 15 1 14 28 1  9  6 1  4 99 1 13 41 1  1
15  97 1 13  7 1  6 96 1 10 15 1  5 73 1 15 43 1 14 32 1  1 22 1  9 42 1 12 94 1  2 23 1  3 86 1  8 78 1  7 24 1 11 31 1  4
15  72 1  2 88 1  6 93 1  3 13 1 14 44 1  5 66 1 15 63 1  7 14 1  8 67 1 10 17 1 11 85 1 12 35 1  1 68 1  4  5 1 13 49 1  9
15  15 1 10 82 1  8 21 1  7 53 1 15 72 1  4 49 1 14 99 1  3 26 1  5 56 1 13 45 1  9 68 1  2 51 1 11  8 1  1 27 1  6 96 1 12
15  54 1  4 24 1  8 14 1  5 38 1  9 36 1  6 52 1  3 55 1 15 37 1 13 48 1 12 93 1  1 60 1 14 70 1 11 23 1  2 23 1  7 83 1 10
15  12 1  4 69 1  9 26 1  7 23 1 10 28 1 15 82 1  2 33 1  6 45 1  5 64 1 14 15 1  8  9 1 12 73 1 13 59 1 11 37 1  3 62 1  1
15  87 1  1 12 1  6 80 1  8 50 1  5 48 1 11 90 1 13 72 1  2 24 1 14 14 1  7 71 1  9 44 1 12 46 1 10 15 1  3 61 1 15 92 1  4
15  54 1  3 22 1  1 61 1  7 46 1  5 73 1  4 16 1  6  6 1 13 94 1 10 93 1 15 67 1 14 54 1  9 75 1  8 32 1 12 40 1 11 97 1  2
15  92 1 11 36 1 15 22 1  5  9 1 10 47 1  4 77 1  2 79 1 13 36 1 14 30 1  7 98 1  9 79 1 12  7 1  8 55 1  6  6 1  3 30 1  1
15  49 1  1 83 1 14 73 1  4 82 1  7 82 1  2 92 1 15 73 1 12 31 1  5 35 1 11 54 1 10  7 1  6 37 1  9 72 1  8 52 1  3 76 1 13
15  98 1 11 34 1 13 52 1 14 26 1  5 28 1  2 39 1  4 80 1  9 29 1  6 70 1 10 43 1  1 48 1  7 58 1  8 45 1  3 94 1 15 96 1 12
15  70 1  2 17 1 11 90 1  7 67 1 13 14 1  5 23 1  9 21 1  4 18 1  8 43 1 14 84 1 12 26 1  6 36 1 10 93 1  3 84 1 15 42 1  1
