10 10
10  29 1  1 78 1  2  9 1  3 36 1  4 49 1  5 11 1  6 62 1  7 56 1  8 44 1  9 21 1 10
10  43 1  1 90 1  3 75 1  5 11 1 10 69 1  4 28 1  2 46 1  7 46 1  6 72 1  8 30 1  9
10  91 1  2 85 1  1 39 1  4 74 1  3 90 1  9 10 1  6 12 1  8 89 1  7 45 1 10 33 1  5
10  81 1  2 95 1  3 71 1  1 99 1  5  9 1  7 52 1  9 85 1  8 98 1  4 22 1 10 43 1  6
10  14 1  3  6 1  1 22 1  2 61 1  6 26 1  4 69 1  5 21 1  9 49 1  8 72 1 10 53 1  7
10  84 1  3  2 1  2 52 1  6 95 1  4 48 1  9 72 1 10 47 1  1 65 1  7  6 1  5 25 1  8
10  46 1  2 37 1  1 61 1  4 13 1  3 32 1  7 21 1  6 32 1 10 89 1  9 30 1  8 55 1  5
10  31 1  3 86 1  1 46 1  2 74 1  6 32 1  5 88 1  7 19 1  9 48 1 10 36 1  8 79 1  4
10  76 1  1 69 1  2 76 1  4 51 1  6 85 1  3 11 1 10 40 1  7 89 1  8 26 1  5 74 1  9
10  85 1  2 13 1  1 61 1  3  7 1  7 64 1  9 76 1 10 47 1  6 52 1  4 90 1  5 45 1  8
