 5 20
 5  29 1  1  9 1  2 49 1  3 62 1  4 44 1  5
 5  43 1  1 75 1  2 69 1  4 46 1  3 72 1  5
 5  91 1  2 39 1  1 90 1  3 12 1  5 45 1  4
 5  81 1  2 71 1  1  9 1  5 85 1  3 22 1  4
 5  14 1  3 22 1  2 26 1  1 21 1  4 72 1  5
 5  84 1  3 52 1  2 48 1  5 47 1  1  6 1  4
 5  46 1  2 61 1  1 32 1  3 32 1  4 30 1  5
 5  31 1  3 46 1  2 32 1  1 19 1  4 36 1  5
 5  76 1  1 76 1  4 85 1  3 40 1  2 26 1  5
 5  85 1  2 61 1  3 64 1  1 47 1  4 90 1  5
 5  78 1  2 36 1  4 11 1  1 56 1  5 21 1  3
 5  90 1  3 11 1  1 28 1  2 46 1  4 30 1  5
 5  85 1  1 74 1  3 10 1  2 89 1  4 33 1  5
 5  95 1  3 99 1  1 52 1  2 98 1  4 43 1  5
 5   6 1  1 61 1  2 69 1  5 49 1  3 53 1  4
 5   2 1  2 95 1  1 72 1  4 65 1  5 25 1  3
 5  37 1  1 13 1  3 21 1  2 89 1  4 55 1  5
 5  86 1  1 74 1  2 88 1  5 48 1  3 79 1  4
 5  69 1  2 51 1  3 11 1  1 89 1  4 74 1  5
 5  13 1  1  7 1  2 76 1  3 52 1  4 45 1  5
