10 10
10  72 1  1 64 1  2 55 1  3 31 1  4 53 1  5 95 1  6 11 1  7 52 1  8  6 1  9 84 1 10
10  61 1  1 27 1  4 88 1  5 78 1  3 49 1  2 83 1  6 91 1  9 74 1  7 29 1  8 87 1 10
10  86 1  1 32 1  4 35 1  2 37 1  3 18 1  6 48 1  5 91 1  7 52 1  8 60 1 10 30 1  9
10   8 1  1 82 1  2 27 1  5 99 1  4 74 1  7  9 1  6 33 1  3 20 1 10 59 1  8 98 1  9
10  50 1  2 94 1  1 43 1  6 62 1  4 55 1  5 48 1  8  5 1  3 36 1  9 47 1 10 36 1  7
10  53 1  1 30 1  7  7 1  3 12 1  4 68 1  2 87 1  9 28 1  5 70 1 10 45 1  8  7 1  6
10  29 1  3 96 1  4 99 1  1 14 1  2 34 1  5 14 1  8  7 1  6 76 1  7 57 1  9 76 1 10
10  90 1  3 19 1  1 87 1  4 51 1  5 84 1  2 45 1  6 84 1 10 58 1  7 81 1  8 96 1  9
10  97 1  3 99 1  2 93 1  5 38 1  1 13 1  8 96 1  6 40 1  4 64 1 10 32 1  7 45 1  9
10  44 1  3 60 1  1 29 1  9  5 1  4 74 1  7 85 1  2 34 1  5 95 1  8 51 1 10 47 1  6
