10 10
10  66 1 10 13 1  9 93 1  1 91 1  8 14 1  7 70 1  6 99 1  4 53 1  3 86 1  5 16 1  2
10  34 1  9 99 1 10 62 1  1 65 1  8 62 1  6 64 1  5 21 1  7 12 1  3  9 1  4 75 1  2
10  12 1 10 26 1  9 64 1  8 92 1  7 67 1  5 28 1  6 66 1  4 83 1  3 38 1  2 58 1  1
10  77 1  1 73 1  2 82 1  4 75 1  3 84 1  7 19 1  5 18 1  6 89 1  8  8 1  9 73 1 10
10  34 1  1 74 1  2 48 1  8 44 1  6 92 1  5 40 1  7 60 1  4 62 1  3 22 1  9 67 1 10
10   8 1 10 85 1  9 58 1  4 97 1  8 92 1  6 89 1  5 75 1  7 77 1  3 95 1  2  5 1  1
10  52 1  9 43 1 10  5 1  7 78 1  8 12 1  6 62 1  4 21 1  5 80 1  3 60 1  2 31 1  1
10  81 1 10 23 1  9 23 1  8 75 1  7 78 1  5 56 1  6 51 1  4 39 1  3 53 1  2 96 1  1
10  79 1 10 55 1  9 88 1  3 21 1  5 83 1  6 93 1  4 47 1  7 10 1  8 63 1  1 14 1  2
10  43 1  1 63 1  2 83 1  3 29 1  4 52 1  5 98 1  6 54 1  7 39 1  8 33 1  9 23 1 10
