10 10
10  72 1  1 54 1  2 33 1  3 86 1  4 75 1  5 16 1  6 96 1  7  7 1  8 99 1  9 76 1 10
10  16 1  1 88 1  4 48 1  5 52 1  9 60 1 10 29 1  7 18 1  8 89 1  6 80 1  3 76 1  2
10  47 1  1 11 1  8 14 1  4 56 1  3 16 1  7 83 1  5 10 1  2 61 1  6 24 1  9 58 1 10
10  49 1  1 31 1  2 17 1  4 50 1  9 63 1  6 35 1  3 65 1  5 23 1  8 50 1  7 29 1 10
10  55 1  1  6 1  7 28 1  2 96 1  4 86 1  6 99 1  3 14 1 10 70 1  8 64 1  9 24 1  5
10  46 1  5 23 1  1 70 1  7 19 1  9 54 1  3 22 1  4 85 1 10 87 1  8 79 1  6 93 1  2
10  76 1  5 60 1  4 76 1  1 98 1 10 76 1  3 50 1  2 86 1  9 14 1  8 27 1  7 57 1  6
10  93 1  5 27 1  7 57 1 10 87 1  4 86 1  9 54 1  3 24 1  8 49 1  6 20 1  1 47 1  2
10  28 1  3 11 1  7 78 1  9 85 1  8 63 1  5 81 1 10 10 1  4  9 1  2 46 1  6 32 1  1
10  22 1  3 76 1 10 89 1  6 13 1  9 88 1  7 10 1  4 75 1  8 98 1  5 78 1  2 17 1  1
