10 10
10  96 1  1 69 1  2 25 1  3  5 1  4 55 1  5 15 1  6 88 1  7 11 1  8 17 1  9 82 1 10
10  11 1  1 48 1  2 67 1  3 38 1  4 18 1  5 24 1  8 62 1  7 92 1  6 96 1 10 81 1  9
10  67 1  3 63 1  2 93 1  1 85 1  5 25 1  4 72 1  6 51 1  7 81 1  8 58 1  9 15 1 10
10  30 1  3 35 1  2 27 1  1 82 1  5 44 1  4 92 1  8 25 1  7 49 1  6 28 1 10 77 1  9
10  53 1  2 83 1  1 73 1  5 26 1  4 77 1  3 33 1  7 92 1  6 99 1 10 38 1  9 38 1  8
10  20 1  2 44 1  1 81 1  5 88 1  4 66 1  3 70 1  7 91 1  6 37 1 10 55 1  9 96 1  8
10  21 1  2 93 1  3 22 1  5 56 1  1 34 1  4 40 1  7 53 1  8 46 1 10 29 1  6 63 1  9
10  32 1  2 63 1  3 36 1  5 26 1  1 17 1  4 85 1  6 15 1  8 55 1  9 16 1 10 82 1  7
10  73 1  1 46 1  3 89 1  4 24 1  5 99 1  2 92 1  7  7 1  8 51 1 10 19 1  6 14 1  9
10  52 1  1 20 1  3 70 1  4 98 1  5 23 1  2 15 1  6 81 1  8 71 1  9 24 1 10 81 1  7
