10 10
10   8 1  1 10 1  2 35 1  3 44 1  4 15 1  5 92 1  6 70 1  7 89 1  8 50 1  9 12 1 10
10  63 1  1 39 1  9 80 1  4 22 1  6 88 1  3 39 1  2 85 1 10 27 1  7 74 1  8 69 1  5
10  52 1  1 22 1  7 33 1  2 68 1  4 27 1  9 68 1  3 25 1  6 34 1  5 24 1  8 84 1 10
10  31 1  1 85 1  2 55 1  5 80 1  9 58 1  6 11 1  8 69 1  7 56 1 10 73 1  4 25 1  3
10  97 1  1 98 1  6 87 1 10 47 1  9 77 1  8 90 1  5 98 1  4 80 1  3 39 1  2 40 1  7
10  97 1  2 68 1  6 44 1  1 67 1 10 44 1  3 85 1  9 78 1  4 90 1  7 33 1  8 81 1  5
10  34 1  1 76 1  4 48 1  9 61 1  8 11 1 10 36 1  3 33 1  5 98 1  7  7 1  2 44 1  6
10  44 1  1  5 1 10 85 1  5 51 1  2 58 1  6 79 1  8 95 1  3 48 1  7 86 1  4 73 1  9
10  24 1  1 63 1  2 48 1 10 77 1  8 73 1  9 74 1  7 63 1  5 17 1  6 93 1  3 84 1  4
10  51 1  1  5 1  3 40 1  5 60 1 10 46 1  2 58 1  6 54 1  9 72 1  4 29 1  7 94 1  8
