10 10
10  11 1 10 93 1  9 48 1  1 76 1  8 13 1  7 71 1  6 59 1  4 90 1  3 10 1  5 65 1  2
10  52 1  9 76 1 10 84 1  1 73 1  8 56 1  6 10 1  5 26 1  7 43 1  3 39 1  4 49 1  2
10  28 1 10 44 1  9 26 1  8 66 1  7 68 1  5 74 1  6 27 1  4 14 1  3  6 1  2 21 1  1
10  18 1  1 58 1  2 62 1  4 46 1  3 25 1  7  6 1  5 60 1  6 28 1  8 80 1  9 30 1 10
10  78 1  1 47 1  2 29 1  8 16 1  6 29 1  5 57 1  7 78 1  4 87 1  3 39 1  9 73 1 10
10  66 1 10 51 1  9 12 1  4 64 1  8 67 1  6 15 1  5 66 1  7 26 1  3 20 1  2 98 1  1
10  23 1  9 76 1 10 45 1  7 75 1  8 24 1  6 18 1  4 83 1  5 15 1  3 88 1  2 17 1  1
10  56 1 10 83 1  9 80 1  8 16 1  7 31 1  5 93 1  6 30 1  4 29 1  3 66 1  2 28 1  1
10  79 1 10 69 1  9 82 1  3 16 1  5 62 1  6 41 1  4 91 1  7 35 1  8 34 1  1 75 1  2
10   5 1  1 19 1  2 20 1  3 12 1  4 94 1  5 60 1  6 99 1  7 31 1  8 96 1  9 63 1 10
