10 10
10  99 1  1 74 1  2 49 1  3 67 1  4 17 1  5  7 1  6  9 1  7 39 1  8 35 1  9 49 1 10
10  49 1  1 67 1  4 82 1  5 92 1  3 62 1  2 84 1  6 45 1  9 30 1  7 42 1  8 71 1 10
10  26 1  1 33 1  4 82 1  2 98 1  3 83 1  6 16 1  5 64 1  7 65 1  8 36 1 10 77 1  9
10  41 1  1 62 1  2 73 1  5 94 1  4 51 1  7 46 1  6 55 1  3 31 1 10 64 1  8 46 1  9
10  68 1  2 26 1  1 50 1  6 46 1  4 25 1  5 88 1  8  6 1  3 13 1  9 98 1 10 84 1  7
10  24 1  1 80 1  7 91 1  3 55 1  4 48 1  2 99 1  9 72 1  5 91 1 10 84 1  8 12 1  6
10  16 1  3 13 1  4  9 1  1 58 1  2 23 1  5 85 1  8 36 1  6 89 1  7 71 1  9 41 1 10
10  54 1  3 41 1  1 38 1  4 53 1  5 11 1  2 74 1  6 88 1 10 46 1  7 41 1  8 65 1  9
10  53 1  3 50 1  2 40 1  5 90 1  1  7 1  8 80 1  6 57 1  4 60 1 10 91 1  7 47 1  9
10  45 1  3 59 1  1 81 1  9 99 1  4 71 1  7 19 1  2 75 1  5 77 1  8 94 1 10 95 1  6
