10 10
10  32 1  1 14 1  2 15 1  3 37 1  4 18 1  5 43 1  6 19 1  7 27 1  8 28 1  9 31 1 10
10   8 1  1 12 1  4 49 1  5 24 1  9 52 1 10 19 1  7 23 1  8 19 1  6 17 1  3 32 1  2
10  25 1  1 19 1  8 27 1  4 45 1  3 21 1  7 15 1  5 13 1  2 16 1  6 43 1  9 19 1 10
10  24 1  1 18 1  2 41 1  4 29 1  9 14 1  6 17 1  3 23 1  5 15 1  8 18 1  7 23 1 10
10  27 1  1 29 1  7 39 1  2 21 1  4 15 1  6 15 1  3 25 1 10 26 1  8 44 1  9 20 1  5
10  17 1  5 15 1  1 51 1  7 17 1  9 46 1  3 16 1  4 33 1 10 25 1  8 30 1  6 25 1  2
10  15 1  5 31 1  4 25 1  1 12 1 10 13 1  3 51 1  2 19 1  9 21 1  8 12 1  7 26 1  6
10   8 1  5 29 1  7 25 1 10 15 1  4 17 1  9 22 1  3 32 1  8 20 1  6 11 1  1 28 1  2
10  41 1  3 10 1  7 32 1  9  5 1  8 21 1  5 59 1 10 26 1  4 10 1  2 16 1  6 29 1  1
10  20 1  3  7 1 10 44 1  6 22 1  9 33 1  7 25 1  4 29 1  8 12 1  5 14 1  2  0 1  1
