10 10
10  55 1  1 74 1  2 45 1  3 23 1  4 76 1  5 19 1  6 18 1  7 61 1  8 44 1  9 11 1 10
10  63 1  1 43 1  2 51 1  3 18 1  4 42 1  5 11 1  8 29 1  7 52 1  6 29 1 10 88 1  9
10  88 1  3 31 1  2 47 1  1 10 1  5 62 1  4 60 1  6 58 1  7 29 1  8 52 1  9 92 1 10
10  16 1  3 71 1  2 55 1  1 55 1  5  9 1  4 49 1  8 83 1  7 54 1  6  7 1 10 57 1  9
10   7 1  2 41 1  1 92 1  5 94 1  4 46 1  3 79 1  7 34 1  6 38 1 10  8 1  9 18 1  8
10  25 1  2  5 1  1 89 1  5 94 1  4 14 1  3 94 1  7 20 1  6 23 1 10 44 1  9 39 1  8
10  24 1  2 21 1  3 47 1  5 40 1  1 94 1  4 71 1  7 89 1  8 75 1 10 97 1  6 15 1  9
10   5 1  2  7 1  3 74 1  5 28 1  1 72 1  4 61 1  6  9 1  8 53 1  9 32 1 10 97 1  7
10  34 1  1 52 1  3 37 1  4  6 1  5 94 1  2  6 1  7 56 1  8 41 1 10  5 1  6 16 1  9
10  77 1  1 74 1  3 82 1  4 10 1  5 29 1  2 15 1  6 51 1  8 65 1  9 37 1 10 21 1  7
