10 10
10  36 1  1 96 1  2 86 1  3  7 1  4 20 1  5  9 1  6 39 1  7 79 1  8 82 1  9 24 1 10
10  16 1  1 95 1  9 67 1  4 63 1  6 87 1  3 24 1  2 62 1 10 49 1  7 92 1  8 16 1  5
10  65 1  1 71 1  7  9 1  2 67 1  4 70 1  9 48 1  3 49 1  6 66 1  5  5 1  8 96 1 10
10  50 1  1 31 1  2  6 1  5 13 1  9 98 1  6 97 1  8 93 1  7 30 1 10 34 1  4 83 1  3
10  99 1  1  7 1  6 55 1 10 78 1  9 68 1  8 81 1  5 90 1  4 75 1  3 66 1  2 40 1  7
10  42 1  2 11 1  6  5 1  1 39 1 10 10 1  3 30 1  9 39 1  4 50 1  7 20 1  8 51 1  5
10  38 1  1 68 1  4 86 1  9 77 1  8 32 1 10 89 1  3 37 1  5 53 1  7 43 1  2 89 1  6
10  19 1  1 11 1 10 37 1  5 41 1  2 72 1  6  7 1  8 52 1  3 31 1  7 68 1  4 10 1  9
10  83 1  1 21 1  2 23 1 10 87 1  8 58 1  9 89 1  7 74 1  5 29 1  6 74 1  3 23 1  4
10  44 1  1 57 1  3 69 1  5 50 1 10 65 1  2 69 1  6 60 1  9 58 1  4 89 1  7 13 1  8
